LAST RUN   : Wed Apr 11 17:27:39 CDT 2018
TOTAL RULES: 77
THRESHOLD  : 0.95
TIME TO RUN: 347 ms
----FINAL----
[58] : 0.9996871088861077
[52] : 0.996558197747184
[52, 58] : 0.9962453066332916
[29] : 0.9953066332916145
[58, 29] : 0.9949937421777222
[40] : 0.9918648310387985
[52, 29] : 0.9918648310387985
[40, 58] : 0.9915519399249061
[52, 58, 29] : 0.9915519399249061
[52, 40] : 0.9884230287859824
[52, 40, 58] : 0.9881101376720901
[40, 29] : 0.987171464330413
[40, 58, 29] : 0.9868585732165206
[60] : 0.9852941176470589
[58, 60] : 0.9849812265331664
[52, 40, 29] : 0.983729662077597
[52, 40, 58, 29] : 0.9834167709637046
[52, 60] : 0.9818523153942428
[52, 58, 60] : 0.9815394242803505
[60, 29] : 0.981226533166458
[58, 60, 29] : 0.9809136420525657
[52, 60, 29] : 0.977784730913642
[40, 60] : 0.9774718397997497
[52, 58, 60, 29] : 0.9774718397997497
[40, 58, 60] : 0.9771589486858573
[52, 40, 60] : 0.9740300375469336
[52, 40, 58, 60] : 0.9737171464330413
[40, 60, 29] : 0.973404255319149
[40, 58, 60, 29] : 0.9730913642052565
[52, 40, 60, 29] : 0.9699624530663329
[36] : 0.9696495619524406
[52, 40, 58, 60, 29] : 0.9696495619524406
[36, 58] : 0.9693366708385481
[36, 52] : 0.9662077596996246
[36, 52, 58] : 0.9658948685857321
[36, 29] : 0.9649561952440551
[36, 58, 29] : 0.9646433041301627
[7] : 0.9624530663329162
[7, 58] : 0.9621401752190237
[36, 40] : 0.9615143929912391
[36, 52, 29] : 0.9615143929912391
[36, 40, 58] : 0.9612015018773467
[36, 52, 58, 29] : 0.9612015018773467
[7, 29] : 0.9602628285356696
[7, 58, 29] : 0.9599499374217773
[52, 7] : 0.9590112640801002
[52, 7, 58] : 0.9586983729662077
[36, 52, 40] : 0.958072590738423
[36, 52, 40, 58] : 0.9577596996245307
[62] : 0.9574468085106383
[58, 62] : 0.9574468085106383
[52, 7, 29] : 0.9568210262828536
[36, 40, 29] : 0.9568210262828536
[52, 7, 58, 29] : 0.9565081351689612
[36, 40, 58, 29] : 0.9565081351689612
[36, 60] : 0.9549436795994993
[36, 58, 60] : 0.954630788485607
[7, 40] : 0.9543178973717147
[52, 62] : 0.9540050062578223
[7, 40, 58] : 0.9540050062578223
[52, 58, 62] : 0.9540050062578223
[36, 52, 40, 29] : 0.9533792240300375
[36, 52, 40, 58, 29] : 0.9530663329161452
[29, 62] : 0.9527534418022529
[40, 62] : 0.9527534418022529
[58, 29, 62] : 0.9527534418022529
[40, 58, 62] : 0.9527534418022529
[7, 40, 29] : 0.9521276595744681
[7, 40, 58, 29] : 0.9518147684605757
[36, 52, 60] : 0.9515018773466833
[34] : 0.951188986232791
[36, 52, 58, 60] : 0.951188986232791
[34, 58] : 0.9508760951188986
[52, 7, 40] : 0.9508760951188986
[36, 60, 29] : 0.9508760951188986
[52, 7, 40, 58] : 0.9505632040050063
[36, 58, 60, 29] : 0.9505632040050063
-----END-----