LAST RUN   : Thu Apr 12 09:46:34 CDT 2018
TOTAL FIS  : 45
THRESHOLD  : 0.1
TIME TO RUN: 148 ms
----FINAL----
[5] : 0.8
[1] : 0.7
[6] : 0.7
[2] : 0.6
[1, 5] : 0.6
[4] : 0.5
[2, 5] : 0.5
[5, 6] : 0.5
[3] : 0.4
[1, 2] : 0.4
[1, 6] : 0.4
[2, 6] : 0.4
[4, 5] : 0.4
[4, 6] : 0.4
[1, 4] : 0.3
[2, 3] : 0.3
[3, 6] : 0.3
[1, 2, 5] : 0.3
[1, 4, 5] : 0.3
[1, 5, 6] : 0.3
[2, 5, 6] : 0.3
[4, 5, 6] : 0.3
[1, 3] : 0.2
[2, 4] : 0.2
[3, 5] : 0.2
[1, 2, 3] : 0.2
[1, 2, 6] : 0.2
[1, 4, 6] : 0.2
[2, 3, 5] : 0.2
[2, 3, 6] : 0.2
[2, 4, 5] : 0.2
[1, 4, 5, 6] : 0.2
[3, 4] : 0.1
[1, 2, 4] : 0.1
[1, 3, 5] : 0.1
[1, 3, 6] : 0.1
[2, 4, 6] : 0.1
[3, 4, 6] : 0.1
[3, 5, 6] : 0.1
[1, 2, 3, 5] : 0.1
[1, 2, 3, 6] : 0.1
[1, 2, 4, 5] : 0.1
[1, 2, 5, 6] : 0.1
[2, 3, 5, 6] : 0.1
[2, 4, 5, 6] : 0.1
-----END-----