LAST RUN   : Wed Apr 11 19:49:14 CDT 2018
TOTAL RULES: 383
THRESHOLD  : 0.01
TIME TO RUN: 1696895 ms
----FINAL----
[6] : 0.6074472576823077
[3] : 0.4545758493417185
[11] : 0.36774168132993673
[6, 11] : 0.3272851974036416
[3, 6] : 0.26785804473122277
[1] : 0.19951676865299262
[3, 11] : 0.1629148223942982
[3, 6, 11] : 0.14513304013527245
[1, 6] : 0.1334472051571613
[1, 11] : 0.09280991351532623
[218] : 0.08949274849949798
[7] : 0.08777558025135303
[1, 6, 11] : 0.08696144048193842
[1, 3] : 0.08551497875761867
[4] : 0.07888569922080965
[6, 218] : 0.0784594374556819
[6, 7] : 0.07435338514467647
[27] : 0.07286247906569886
[148] : 0.07062814014517142
[55] : 0.06607259379273982
[148, 6] : 0.06540390827493278
[218, 11] : 0.06227866206330896
[6, 218, 11] : 0.06124230052060501
[6, 27] : 0.06001806056957461
[148, 218] : 0.059417051682723876
[1, 3, 6] : 0.05838574063486741
[7, 11] : 0.05765038858507356
[148, 6, 218] : 0.057412005228272264
[6, 7, 11] : 0.05639887596186675
[148, 11] : 0.05632210844018497
[148, 6, 11] : 0.05578776608532104
[148, 218, 11] : 0.05060393817386227
[148, 6, 218, 11] : 0.05036959521293896
[64] : 0.04874939646586573
[11, 27] : 0.04656859279072163
[4, 6] : 0.04583526093886679
[6, 11, 27] : 0.04537667600671514
[77] : 0.043892840620523996
[2] : 0.04336051846359906
[1, 3, 11] : 0.040674665303706455
[7, 27] : 0.04064133203771306
[64, 6] : 0.04009789879212365
[6, 55] : 0.03926759743919709
[3, 218] : 0.03906355744735869
[3, 7] : 0.03904941606178573
[1, 3, 6, 11] : 0.038124165405726454
[6, 77] : 0.03803426659744122
[6, 7, 27] : 0.03777467116228048
[3, 4] : 0.0357958872810358
[138] : 0.03548174650152222
[3, 6, 218] : 0.03432114278557013
[3, 6, 7] : 0.033227205601604845
[294] : 0.03257266146937077
[83] : 0.03253730800543837
[1, 218] : 0.032451449593031124
[3, 27] : 0.03235043969608142
[7, 11, 27] : 0.03115044212031895
[64, 11] : 0.03098680608726043
[6, 7, 11, 27] : 0.030875695200615755
[11, 77] : 0.030716099563435226
[3, 148] : 0.03063630174484496
[1, 6, 218] : 0.0304868070973594
[83, 6] : 0.03028579740242949
[64, 6, 11] : 0.03016660572402884
[6, 11, 77] : 0.030131252260096445
[3, 55] : 0.02996256573219044
[2, 6] : 0.02991812137753257
[6, 138] : 0.02904034537303965
[3, 148, 6] : 0.02838075074595809
[1, 148] : 0.028332265995422233
[316] : 0.028133276498431316
[4, 11] : 0.02771004503021206
[1, 148, 6] : 0.027292874155809787
[3, 218, 11] : 0.027245399504243425
[3, 6, 27] : 0.026789844869000264
[3, 6, 218, 11] : 0.026768632790640828
[1, 218, 11] : 0.026050452423328437
[1, 6, 218, 11] : 0.02586661441087998
[3, 7, 11] : 0.0257908569881677
[3, 148, 218] : 0.025619140163353205
[1, 148, 218] : 0.02552217066228149
[3, 6, 7, 11] : 0.02522318136731037
[1, 148, 6, 218] : 0.024958535437302146
[3, 148, 6, 218] : 0.02477368732588419
[4, 6, 11] : 0.02465449564748354
[1, 148, 11] : 0.024590859412405228
[55, 11] : 0.024579748323740762
[1, 148, 6, 11] : 0.024486819218547035
[3, 148, 11] : 0.024451465754614637
[40] : 0.02432520338342751
[83, 11] : 0.024320152888580023
[3, 148, 6, 11] : 0.024211062199874345
[83, 6, 11] : 0.024122173490558604
[1, 7] : 0.024057527156510796
[136] : 0.023918133498720205
[446] : 0.023505003020195918
[490] : 0.023459548566568553
[69] : 0.022859549778687316
[1, 148, 218, 11] : 0.022729247011622197
[6, 316] : 0.022692883448720304
[1, 148, 6, 218, 11] : 0.02267066127139137
[6, 40] : 0.022488843456881905
[90] : 0.022284803465043506
[6, 55, 11] : 0.022161571390764866
[1, 6, 7] : 0.02195248090407898
[3, 148, 218, 11] : 0.02184844071022079
[215] : 0.0218100569493799
[138, 11] : 0.021783794376172977
[3, 148, 6, 218, 11] : 0.02174541061533209
[205] : 0.02158884527506005
[6, 90] : 0.0215029868626528
[303] : 0.02146056270593393
[6, 136] : 0.021402987064672595
[64, 3] : 0.021388845679099638
[3, 4, 6] : 0.021325209444021324
[6, 138, 11] : 0.021220159151193633
[2, 11] : 0.021036321138745175
[3, 11, 27] : 0.020837331641754258
[69, 6] : 0.020645412837549823
[278] : 0.02031713067246329
[3, 6, 11, 27] : 0.02028884790131737
[1, 27] : 0.019992888903254742
[2, 6, 11] : 0.019822182177409744
[6, 205] : 0.019678748123741163
[2, 3] : 0.019634303769083296
[3, 77] : 0.019477738428811255
[6, 446] : 0.019434304173122884
[90, 11] : 0.019249456061704927
[6, 90, 11] : 0.019170668342084158
[6, 294] : 0.019140365372999246
[6, 303] : 0.019127234086395786
[438] : 0.01910097151318886
[6, 215] : 0.019032284783263066
[73] : 0.01893834557909984
[87] : 0.018670669352183127
[6, 438] : 0.018565619059355436
[269] : 0.018528245397484044
[135] : 0.018497942428399135
[1, 7, 11] : 0.01840400322423591
[1, 6, 7, 11] : 0.01821713491487896
[40, 11] : 0.018211074321061976
[3, 6, 55] : 0.01815652897670914
[6, 40, 11] : 0.018042387793155975
[11, 316] : 0.018017135318918548
[3, 7, 27] : 0.01801006462613207
[1, 6, 27] : 0.018008044428193076
[987] : 0.017983802052925147
[6, 135] : 0.017867640671432986
[737] : 0.017823196316775116
[64, 3, 6] : 0.01763127751257068
[6, 11, 316] : 0.01748582326096311
[136, 11] : 0.017388853759891396
[273] : 0.017350469999050506
[69, 11] : 0.017207035945381928
[6, 136, 11] : 0.017133298720608644
[6, 87] : 0.017044410011292907
[7, 218] : 0.017034309021597936
[69, 6, 11] : 0.016993905062818056
[3, 6, 77] : 0.01689996585865483
[438, 11] : 0.01678784487304066
[3, 6, 7, 27] : 0.016748451013230276
[6, 438, 11] : 0.016731279330748826
[7, 87] : 0.01666562289773152
[6, 987] : 0.016595926068836225
[6, 7, 218] : 0.016554512011086847
[83, 7] : 0.016334310435736493
[6, 278] : 0.016212088460427352
[83, 6, 7] : 0.01612521994905061
[11, 205] : 0.01601511916137543
[135, 11] : 0.01597875559847354
[11, 303] : 0.01594744253041913
[56] : 0.01591107896751724
[6, 135, 11] : 0.015906028472669753
[6, 11, 205] : 0.01583128114892697
[6, 11, 303] : 0.01571612986640431
[215, 11] : 0.015705018777739842
[3, 138] : 0.01570299857980085
[737, 6] : 0.015657544126173484
[6, 7, 87] : 0.015590877594186679
[64, 1] : 0.015545423140559312
[6, 215, 11] : 0.015463605124030052
[273, 6] : 0.015424211264219669
[3, 294] : 0.01539996888895174
[6, 56] : 0.015304009486849521
[1, 11, 27] : 0.015229262163106742
[6, 269] : 0.015189868303296357
[11, 446] : 0.015132292662035026
[1, 6, 11, 27] : 0.015056535239322748
[148, 7] : 0.015000979796000413
[314] : 0.014991888905274938
[1, 4] : 0.014792899408284023
[6, 11, 446] : 0.014779768121680562
[148, 6, 7] : 0.014732293470114202
[504] : 0.014692899610303817
[27, 205] : 0.01465754614637142
[7, 218, 11] : 0.014451485956594026
[897] : 0.014441384966899057
[6, 7, 218, 11] : 0.014411081997814146
[7, 205] : 0.014389869919454708
[1, 77] : 0.014284819626627017
[3, 83] : 0.01428077923074903
[64, 1, 6] : 0.014142395671927935
[1, 3, 218] : 0.014068658447154651
[87, 11] : 0.013975729341960926
[6, 87, 11] : 0.013834315486231341
[3, 7, 11, 27] : 0.013827244793444863
[6, 27, 205] : 0.013800982220237939
[3, 6, 7, 11, 27] : 0.013711083411952703
[64, 3, 11] : 0.013654517869660869
[2, 3, 6] : 0.013651487572752379
[6, 490] : 0.013648457275843887
[87, 27] : 0.01362724519748445
[56, 11] : 0.013619164405728473
[3, 11, 77] : 0.013618154306758976
[218, 27] : 0.013571689754162113
[6, 56, 11] : 0.013553507972711166
[6, 7, 205] : 0.013507043420114303
[148, 7, 218] : 0.01350098282629732
[148, 987] : 0.01345047787782247
[6, 314] : 0.013415124413890074
[148, 7, 11] : 0.013377750752018682
[1, 6, 77] : 0.013349467980872765
[148, 6, 7, 11] : 0.013349467980872765
[148, 6, 7, 218] : 0.013337346793238801
[3, 6, 11, 77] : 0.013331286199421819
[11, 987] : 0.01332421550663534
[3, 83, 6] : 0.013299973131367411
[64, 3, 6, 11] : 0.013278761053007973
[897, 6] : 0.013199973333387205
[6, 11, 987] : 0.013192902640600726
[1, 3, 6, 218] : 0.01319189254163123
[6, 218, 27] : 0.01316461986945481
[148, 6, 987] : 0.013124215910674928
[83, 7, 11] : 0.013114114920979957
[1, 55] : 0.013093912941590017
[83, 6, 7, 11] : 0.013091892743651024
[512] : 0.013051488784871142
[83, 27] : 0.013001993935365786
[3, 4, 11] : 0.013001993935365786
[3, 6, 138] : 0.012938357700287475
[7, 87, 11] : 0.012929266809562
[7, 87, 27] : 0.012904014335324576
[897, 7] : 0.012876741663148155
[83, 6, 27] : 0.012840378100246262
[6, 7, 87, 11] : 0.012832297308490287
[49] : 0.012830277110551291
[25] : 0.012795933745588392
[6, 87, 27] : 0.012780782261045938
[278, 11] : 0.012758560083717002
[737, 11] : 0.012733307609479577
[6, 504] : 0.012681792562035228
[273, 11] : 0.012681792562035228
[1, 138] : 0.01257573217023804
[512, 6] : 0.01253835850836665
[737, 6, 11] : 0.01253835850836665
[273, 6, 11] : 0.012487853559891798
[1, 7, 27] : 0.01247674247122733
[3, 316] : 0.012466641481532361
[6, 278, 11] : 0.012372702277369137
[91] : 0.012371692178399639
[6, 25] : 0.012341389209314728
[49, 6] : 0.012332298318589256
[364] : 0.012289874161870381
[1, 3, 148] : 0.012287853963931386
[148, 7, 218, 11] : 0.012192904660798665
[148, 6, 7, 218, 11] : 0.012178763275225707
[6, 7, 87, 27] : 0.012149470405110293
[148, 27] : 0.012084824071062483
[897, 6, 7] : 0.012062601893733548
[64, 218] : 0.01204138981537411
[1, 6, 7, 27] : 0.012015127242167188
[11, 269] : 0.01196664249163133
[64, 1, 11] : 0.011914117345217485
[6, 364] : 0.011873713386437603
[148, 6, 27] : 0.011845430615291686
[1, 3, 148, 6] : 0.011823208437962751
[64, 1, 6, 11] : 0.011757552004945444
[14] : 0.011724218738952042
[218, 11, 27] : 0.011723208639982545
[64, 6, 218] : 0.011703006660592605
[6, 218, 11, 27] : 0.011678764285324677
[6, 11, 269] : 0.011674723889446688
[378] : 0.011624218940971836
[6, 73] : 0.011618158347154853
[155] : 0.011610077555398878
[3, 4, 6, 11] : 0.011610077555398878
[218, 77] : 0.011572703893527488
[1, 11, 77] : 0.011549471617229056
[294, 11] : 0.011527249439900121
[11, 27, 205] : 0.011520178747113642
[148, 11, 987] : 0.011519168648144146
[148, 6, 11, 987] : 0.011482805085242251
[1, 6, 11, 77] : 0.011454522314096336
[3, 55, 11] : 0.011437350631614886
[6, 11, 27, 205] : 0.011437350631614886
[7, 27, 205] : 0.011379774990353555
[7, 11, 205] : 0.011312098359397255
[1, 6, 138] : 0.01130603776558027
[6, 218, 77] : 0.011291896380007313
[1, 3, 218, 11] : 0.011288866083098823
[6, 7, 11, 205] : 0.011222199551112018
[512, 11] : 0.011207048066569563
[1, 3, 6, 218, 11] : 0.011203007670691574
[1, 90] : 0.011198967274813586
[32] : 0.01118078549336264
[6, 155] : 0.011177755196454149
[512, 6, 11] : 0.0111605835139727
[314, 11] : 0.011101997773741872
[423] : 0.011077755398473943
[83, 7, 27] : 0.011070684705687464
[1, 6, 90] : 0.011033311043816073
[49, 11] : 0.011009068668548144
[1, 3, 148, 218] : 0.010994927282975187
[83, 6, 7, 27] : 0.010974725303585245
[49, 6, 11] : 0.01096664451182927
[278, 27] : 0.01095957381904279
[6, 314, 11] : 0.010953513225225808
[148, 218, 27] : 0.010926240553049388
[148, 11, 27] : 0.010911089068506932
[278, 7] : 0.010893917386025484
[148, 6, 11, 27] : 0.0108878567922085
[25, 11] : 0.01086462451591007
[897, 11] : 0.010848462932398117
[6, 378] : 0.01083028115094717
[6, 25, 11] : 0.0108201801612522
[1, 2] : 0.01081613976537421
[148, 6, 218, 27] : 0.010791897390106282
[64, 148] : 0.010790887291136786
[1, 83] : 0.010766644915868857
[6, 423] : 0.010758564124112881
[1, 3, 148, 6, 218] : 0.010745432837509419
[6, 7, 27, 205] : 0.010737352045753443
[897, 6, 11] : 0.010733311649875454
[218, 987] : 0.010730281352966964
[667] : 0.010723210660180485
[87, 11, 27] : 0.010717150066363501
[3, 83, 11] : 0.010684826899339597
[83, 11, 27] : 0.010665635018919154
[1, 3, 7] : 0.010654523930254687
[83, 6, 11, 27] : 0.010652503732315693
[1, 3, 148, 11] : 0.010650483534376698
[6, 87, 11, 27] : 0.01063634214880374
[3, 40] : 0.010618160367352794
[3, 490] : 0.01060199878384084
[3, 136] : 0.010598968486932349
[1, 3, 148, 6, 11] : 0.010598968486932349
[3, 83, 6, 11] : 0.010592907893115367
[64, 148, 6] : 0.010560584726091463
[1, 7, 11, 27] : 0.010488867699257174
[11, 364] : 0.01047674651162321
[148, 77] : 0.010458564730172263
[6, 14] : 0.010453514235324778
[6, 218, 987] : 0.010453514235324778
[1, 6, 7, 11, 27] : 0.010451494037385782
[6, 11, 364] : 0.010434322354904333
[3, 446] : 0.010409069880666907
[1, 83, 6] : 0.010396948693032943
[897, 27] : 0.010373716416734511
[6, 294, 11] : 0.010331292260015636
[90, 218] : 0.010300989290930726
[3, 6, 55, 11] : 0.010297958994022234
[148, 6, 77] : 0.010280787311540784
[361] : 0.010224221769248951
[28] : 0.010213110680584484
[504, 11] : 0.01021109048264549
[32, 6] : 0.010201999591920016
[7, 87, 11, 27] : 0.01020098949295052
[6, 90, 218] : 0.010194928899133537
[254] : 0.010178767315621584
[6, 278, 27] : 0.010177757216652088
[1, 90, 11] : 0.010148464346536674
[229] : 0.010135333059933213
[1, 6, 90, 11] : 0.010128262367146734
[6, 7, 87, 11, 27] : 0.010128262367146734
[6, 278, 7] : 0.010127252268177235
[64, 218, 11] : 0.010109070486726289
[64, 6, 218, 11] : 0.010073717022793893
[3, 69] : 0.010068666527946407
[3, 6, 316] : 0.010056545340312443
[897, 7, 11] : 0.01003432316298351
[148, 218, 11, 27] : 0.010025232272258036
[6, 504, 11] : 0.010018161579471557
[148, 6, 218, 11, 27] : 0.010011090886685078
-----END-----