LAST RUN   : Wed Apr 11 21:16:32 CDT 2018
TOTAL RULES: 82
THRESHOLD  : 0.025
TIME TO RUN: 1434443 ms
----FINAL----
[6] : 0.6074472576823077
[3] : 0.4545758493417185
[11] : 0.36774168132993673
[6, 11] : 0.3272851974036416
[3, 6] : 0.26785804473122277
[1] : 0.19951676865299262
[3, 11] : 0.1629148223942982
[3, 6, 11] : 0.14513304013527245
[1, 6] : 0.1334472051571613
[1, 11] : 0.09280991351532623
[218] : 0.08949274849949798
[7] : 0.08777558025135303
[1, 6, 11] : 0.08696144048193842
[1, 3] : 0.08551497875761867
[4] : 0.07888569922080965
[6, 218] : 0.0784594374556819
[6, 7] : 0.07435338514467647
[27] : 0.07286247906569886
[148] : 0.07062814014517142
[55] : 0.06607259379273982
[148, 6] : 0.06540390827493278
[218, 11] : 0.06227866206330896
[6, 218, 11] : 0.06124230052060501
[6, 27] : 0.06001806056957461
[148, 218] : 0.059417051682723876
[1, 3, 6] : 0.05838574063486741
[7, 11] : 0.05765038858507356
[148, 6, 218] : 0.057412005228272264
[6, 7, 11] : 0.05639887596186675
[148, 11] : 0.05632210844018497
[148, 6, 11] : 0.05578776608532104
[148, 218, 11] : 0.05060393817386227
[148, 6, 218, 11] : 0.05036959521293896
[64] : 0.04874939646586573
[11, 27] : 0.04656859279072163
[4, 6] : 0.04583526093886679
[6, 11, 27] : 0.04537667600671514
[77] : 0.043892840620523996
[2] : 0.04336051846359906
[1, 3, 11] : 0.040674665303706455
[7, 27] : 0.04064133203771306
[64, 6] : 0.04009789879212365
[6, 55] : 0.03926759743919709
[3, 218] : 0.03906355744735869
[3, 7] : 0.03904941606178573
[1, 3, 6, 11] : 0.038124165405726454
[6, 77] : 0.03803426659744122
[6, 7, 27] : 0.03777467116228048
[3, 4] : 0.0357958872810358
[138] : 0.03548174650152222
[3, 6, 218] : 0.03432114278557013
[3, 6, 7] : 0.033227205601604845
[294] : 0.03257266146937077
[83] : 0.03253730800543837
[1, 218] : 0.032451449593031124
[3, 27] : 0.03235043969608142
[7, 11, 27] : 0.03115044212031895
[64, 11] : 0.03098680608726043
[6, 7, 11, 27] : 0.030875695200615755
[11, 77] : 0.030716099563435226
[3, 148] : 0.03063630174484496
[1, 6, 218] : 0.0304868070973594
[83, 6] : 0.03028579740242949
[64, 6, 11] : 0.03016660572402884
[6, 11, 77] : 0.030131252260096445
[3, 55] : 0.02996256573219044
[2, 6] : 0.02991812137753257
[6, 138] : 0.02904034537303965
[3, 148, 6] : 0.02838075074595809
[1, 148] : 0.028332265995422233
[316] : 0.028133276498431316
[4, 11] : 0.02771004503021206
[1, 148, 6] : 0.027292874155809787
[3, 218, 11] : 0.027245399504243425
[3, 6, 27] : 0.026789844869000264
[3, 6, 218, 11] : 0.026768632790640828
[1, 218, 11] : 0.026050452423328437
[1, 6, 218, 11] : 0.02586661441087998
[3, 7, 11] : 0.0257908569881677
[3, 148, 218] : 0.025619140163353205
[1, 148, 218] : 0.02552217066228149
[3, 6, 7, 11] : 0.02522318136731037
-----END-----