LAST RUN   : Wed Apr 11 20:04:33 CDT 2018
TOTAL RULES: 1882
THRESHOLD  : 0.0025
TIME TO RUN: 4763402 ms
----FINAL----
[39] : 0.5747941289898142
[48] : 0.47792699802636057
[48, 39] : 0.33055057734624893
[38] : 0.17690161293981535
[32] : 0.1720355708808784
[41] : 0.16951747918604387
[39, 41] : 0.12946620993171662
[38, 39] : 0.1173408044282117
[48, 41] : 0.10228896803611533
[32, 39] : 0.09590299675597196
[32, 48] : 0.0911276967400921
[48, 38] : 0.09010684875569973
[48, 39, 41] : 0.0835507361448243
[48, 38, 39] : 0.06921349334180259
[32, 48, 39] : 0.06127356457430639
[65] : 0.05072480206891858
[38, 41] : 0.04420271772418956
[89] : 0.04352215240126132
[225] : 0.03694335427962161
[32, 41] : 0.036251446201311224
[170] : 0.03515119892924389
[38, 39, 41] : 0.034606746670901294
[237] : 0.03439123431864068
[38, 170] : 0.03437989156325855
[36] : 0.033302329801955494
[32, 38] : 0.032134025997595336
[48, 89] : 0.031737029559220524
[110] : 0.03169165853769198
[36, 38] : 0.03164628751616343
[65, 39] : 0.03161225925001701
[39, 89] : 0.031181234545495793
[38, 110] : 0.030909008416324494
[310] : 0.02942310746126449
[48, 65] : 0.028685828361425556
[48, 38, 41] : 0.026927701277194255
[32, 39, 41] : 0.026757559946462194
[225, 39] : 0.026666817903405096
[101] : 0.02537374378984143
[475] : 0.024579750913091808
[48, 39, 89] : 0.024103355187042035
[271] : 0.023751729770195774
[32, 48, 41] : 0.023400104353349514
[39, 170] : 0.023354733331820966
[36, 39] : 0.023105192713413943
[38, 39, 170] : 0.02290102311653547
[48, 38, 39, 41] : 0.02258342596583562
[36, 38, 39] : 0.0220616592182573
[39, 237] : 0.0218801751321431
[413] : 0.021324380118418366
[438] : 0.02113155327692203
[310, 39] : 0.021006782967718518
[32, 38, 39] : 0.02087066990313287
[48, 65, 39] : 0.02038293142170096
[1327] : 0.02025816111249745
[147] : 0.020178761824822485
[39, 110] : 0.019951906717179738
[38, 39, 110] : 0.019736394364919127
[48, 225] : 0.019691023343390575
[270] : 0.019668337832626302
[2238] : 0.01945282548036569
[48, 310] : 0.01919194210657653
[48, 237] : 0.019078514552755155
[32, 48, 38] : 0.018670175358998207
[32, 48, 39, 41] : 0.018670175358998207
[79] : 0.018148408611419885
[48, 170] : 0.017660670129987975
[48, 38, 170] : 0.017445157777727364
[39, 475] : 0.017014133073206143
[60] : 0.01688936276400263
[533] : 0.016866677253238357
[255] : 0.01671922143327057
[12925] : 0.016639822145595607
[39, 271] : 0.016265511217985074
[48, 475] : 0.01619745468569225
[1146] : 0.016174769174927973
[48, 36] : 0.0160613416211066
[101, 39] : 0.015879857534992402
[48, 225, 39] : 0.015879857534992402
[48, 110] : 0.01565300242734965
[185] : 0.015607631405821103
[9] : 0.015562260384292552
[48, 38, 110] : 0.01543749007508904
[48, 36, 38] : 0.015426147319706903
[48, 310, 39] : 0.015278691499739117
[16010] : 0.014927066082892857
[48, 101] : 0.01487035230598217
[123] : 0.014768267507542933
[14098] : 0.014643497198339421
[39, 2238] : 0.014598126176810871
[338] : 0.014450670356843085
[438, 39] : 0.01429187178149316
[48, 39, 237] : 0.014110387695378961
[32, 48, 38, 39] : 0.014019645652321862
[592] : 0.013917560853882625
[824] : 0.013724734012386289
[604] : 0.01371339125700415
[48, 39, 170] : 0.013679362990857738
[301] : 0.013656677480093464
[39, 270] : 0.01354324992627209
[48, 38, 39, 170] : 0.013531907170889952
[286] : 0.013418479617068579
[740] : 0.013395794106304303
[16217] : 0.013225652775572243
[1393] : 0.013168938998661554
[249] : 0.013157596243279418
[39, 1327] : 0.013112225221750868
[15832] : 0.012964769401783082
[548] : 0.012896712869490257
[147, 39] : 0.012896712869490257
[48, 413] : 0.012874027358725981
[201] : 0.012851341847961707
[39, 413] : 0.012817313581815294
[49] : 0.01270388602799392
[589] : 0.012692543272611783
[38, 286] : 0.01265851500646537
[48, 36, 39] : 0.01265851500646537
[39, 79] : 0.012601801229554684
[677] : 0.012590458474172546
[1004] : 0.012499716431115446
[48, 39, 475] : 0.012386288877294073
[48, 271] : 0.012363603366529797
[48, 36, 38, 39] : 0.012250175812708423
[37] : 0.012182119280415599
[78] : 0.012023320705065675
[39, 255] : 0.011989292438919262
[48, 255] : 0.011989292438919262
[13041] : 0.011921235906626438
[37, 38] : 0.011864522129715751
[48, 39, 110] : 0.011762437331276514
[48, 147] : 0.011751094575894376
[48, 38, 39, 110] : 0.011694380798983689
[117] : 0.011637667022073002
[48, 438] : 0.011626324266690864
[161] : 0.011456182935958802
[19] : 0.011399469159048116
[179] : 0.011320069871373154
[65, 41] : 0.011286041605226742
[258] : 0.011195299562169643
[39, 60] : 0.011149928540641093
[39, 1146] : 0.011149928540641093
[522] : 0.011047843742201855
[175] : 0.011002472720673307
[48, 1327] : 0.01097978720990903
[783] : 0.010945758943762618
[48, 270] : 0.01085501690070552
[48, 2238] : 0.010832331389941245
[3270] : 0.010775617613030558
[48, 101, 39] : 0.010730246591502008
[39, 12925] : 0.010639504548444909
[479] : 0.010503391483859259
[533, 39] : 0.010458020462330709
[31] : 0.010435334951566434
[45] : 0.010333250153127197
[242] : 0.010333250153127197
[956] : 0.010333250153127197
[2958] : 0.010253850865452236
[264] : 0.010151766067012999
[48, 79] : 0.010129080556248725
[10515] : 0.010004310247045213
[405] : 0.0099702819808988
[225, 41] : 0.009947596470134525
[1578] : 0.009913568203988112
[76] : 0.009856854427077425
[48, 533] : 0.009766112384020326
[18] : 0.009754769628638188
[649] : 0.009720741362491776
[544] : 0.009652684830198951
[549] : 0.009561942787141852
[48, 49] : 0.009561942787141852
[39, 9] : 0.00943717247793834
[389] : 0.009425829722556203
[156] : 0.009414486967174066
[39, 16010] : 0.009403144211791928
[39, 185] : 0.009391801456409792
[48, 39, 271] : 0.009380458701027654
[48, 78] : 0.009346430434881241
[812] : 0.009312402168734829
[229] : 0.009301059413352691
[976] : 0.009267031147206279
[48, 12925] : 0.009267031147206279
[48, 185] : 0.009255688391824142
[48, 60] : 0.009244345636442004
[48, 39, 255] : 0.00922166012567773
[103] : 0.009210317370295592
[48, 1146] : 0.009198974614913456
[703] : 0.009142260838002767
[41, 170] : 0.00913091808262063
[32, 38, 41] : 0.00913091808262063
[1600] : 0.00908554706109208
[14098, 39] : 0.00908554706109208
[766] : 0.00904017603956353
[48, 123] : 0.00904017603956353
[38, 41, 170] : 0.00900614777341712
[570] : 0.008983462262652843
[65, 39, 41] : 0.008983462262652843
[48, 9] : 0.008960776751888569
[1393, 39] : 0.008949433996506431
[48, 39, 2238] : 0.008938091241124295
[371] : 0.00887003470883147
[48, 39, 413] : 0.008858691953449332
[48, 438, 39] : 0.008847349198067194
[48, 338] : 0.008836006442685057
[48, 2958] : 0.008836006442685057
[39, 604] : 0.008790635421156507
[334] : 0.00877929266577437
[32, 65] : 0.00877929266577437
[39, 78] : 0.00877929266577437
[49, 39] : 0.008711236133481546
[371, 38] : 0.008699893378099408
[107] : 0.008677207867335134
[1435] : 0.008677207867335134
[38, 89] : 0.008665865111952996
[740, 39] : 0.008609151335042309
[23] : 0.00859780857966017
[1344] : 0.008541094802749484
[664] : 0.008529752047367346
[772] : 0.008529752047367346
[39, 249] : 0.008529752047367346
[39, 286] : 0.008507066536603072
[48, 592] : 0.008427667248928109
[12929] : 0.008416324493545973
[338, 39] : 0.008416324493545973
[48, 147, 39] : 0.008416324493545973
[806] : 0.008404981738163834
[48, 39, 270] : 0.008314239695106735
[41, 89] : 0.008302896939724597
[48, 16010] : 0.008280211428960323
[39, 16217] : 0.008257525918196049
[38, 39, 286] : 0.008257525918196049
[39, 123] : 0.008234840407431773
[225, 39, 41] : 0.008234840407431773
[592, 39] : 0.00820081214128536
[488] : 0.00816678387513895
[48, 39, 1327] : 0.00816678387513895
[310, 41] : 0.008155441119756811
[535] : 0.008144098364374673
[39, 15832] : 0.008144098364374673
[39, 301] : 0.008110070098228261
[32, 89] : 0.008087384587463987
[10] : 0.008076041832081849
[11] : 0.008064699076699712
[39, 589] : 0.0080306708105533
[37, 39] : 0.008019328055171162
[55] : 0.00798529978902475
[681] : 0.00798529978902475
[39, 824] : 0.007973957033642613
[269] : 0.007951271522878337
[48, 824] : 0.007951271522878337
[36, 41] : 0.007939928767496201
[48, 39, 79] : 0.007928586012114063
[48, 14098] : 0.007917243256731925
[464] : 0.007883214990585512
[407] : 0.007860529479821238
[260] : 0.007837843969056964
[449] : 0.007826501213674826
[1814] : 0.007803815702910551
[13041, 39] : 0.007803815702910551
[48, 604] : 0.007792472947528413
[259] : 0.007758444681382001
[37, 38, 39] : 0.007758444681382001
[38, 237] : 0.007747101925999864
[225, 38] : 0.007724416415235589
[270, 271] : 0.007713073659853451
[379] : 0.007679045393707039
[41, 110] : 0.007679045393707039
[48, 249] : 0.007656359882942765
[396] : 0.007645017127560627
[48, 201] : 0.007645017127560627
[36, 38, 41] : 0.007610988861414215
[16011] : 0.00758830335064994
[39, 201] : 0.00758830335064994
[48, 1393] : 0.00758830335064994
[1135] : 0.007565617839885665
[48, 677] : 0.0075542750845035275
[38, 41, 110] : 0.0075542750845035275
[548, 39] : 0.007520246818357115
[48, 65, 41] : 0.007520246818357115
[186] : 0.007486218552210703
[1198] : 0.007486218552210703
[48, 301] : 0.007463533041446428
[48, 548] : 0.007463533041446428
[105] : 0.00745219028606429
[38, 55] : 0.00745219028606429
[32, 225] : 0.007429504775300016
[39, 2958] : 0.007429504775300016
[3616] : 0.007418162019917879
[179, 39] : 0.007406819264535741
[16010, 16011] : 0.0073841337537714664
[272] : 0.007372790998389328
[789] : 0.007350105487625054
[39, 522] : 0.007350105487625054
[48, 16217] : 0.007338762732242916
[340] : 0.0072933917107143665
[65, 38] : 0.0072933917107143665
[38, 105] : 0.0072933917107143665
[48, 258] : 0.0072933917107143665
[39, 783] : 0.007259363444567954
[677, 39] : 0.007202649667657267
[279] : 0.007179964156892992
[865] : 0.007168621401510855
[48, 533, 39] : 0.007168621401510855
[39, 175] : 0.007157278646128718
[258, 39] : 0.007123250379982305
[48, 589] : 0.007123250379982305
[809] : 0.00710056486921803
[2046] : 0.007089222113835893
[310, 39, 41] : 0.007089222113835893
[48, 179] : 0.007077879358453756
[39, 41, 170] : 0.007077879358453756
[48, 39, 1146] : 0.007066536603071618
[161, 39] : 0.007055193847689481
[32, 38, 39, 41] : 0.007055193847689481
[251] : 0.0070438510923073435
[39, 41, 89] : 0.007021165581543068
[10446] : 0.007009822826160931
[48, 49, 39] : 0.006998480070778794
[38, 39, 41, 170] : 0.006975794560014519
[1986] : 0.0069644518046323815
[15618] : 0.0069644518046323815
[48, 1004] : 0.0069644518046323815
[209] : 0.006930423538485969
[48, 39, 78] : 0.006919080783103832
[441] : 0.006907738027721694
[48, 39, 60] : 0.006907738027721694
[425] : 0.0068737097615752816
[8978] : 0.0068737097615752816
[48, 41, 89] : 0.0068737097615752816
[48, 13041] : 0.006828338740046732
[675] : 0.006816995984664595
[48, 117] : 0.006816995984664595
[420] : 0.006805653229282458
[1783] : 0.006805653229282458
[39, 956] : 0.006805653229282458
[1144] : 0.00679431047390032
[39, 264] : 0.00679431047390032
[150] : 0.006771624963136045
[2199] : 0.006771624963136045
[41, 237] : 0.006771624963136045
[846] : 0.00674893945237177
[19, 39] : 0.006714911186225358
[48, 3270] : 0.006714911186225358
[947] : 0.0067035684308432205
[48, 19] : 0.0067035684308432205
[48, 286] : 0.0067035684308432205
[1715] : 0.006692225675461083
[4336] : 0.006680882920078945
[38, 39, 89] : 0.006680882920078945
[48, 39, 12925] : 0.006669540164696808
[48, 15832] : 0.006635511898550396
[267] : 0.0066241691431682586
[374] : 0.0066241691431682586
[1067] : 0.0066241691431682586
[41, 271] : 0.0066241691431682586
[39, 1004] : 0.006612826387786121
[48, 783] : 0.006612826387786121
[39, 156] : 0.006601483632403983
[48, 522] : 0.006601483632403983
[48, 38, 286] : 0.006590140877021846
[39, 479] : 0.006578798121639709
[48, 38, 89] : 0.006556112610875434
[885] : 0.006533427100111159
[39, 1578] : 0.006533427100111159
[3270, 39] : 0.006533427100111159
[581] : 0.006510741589346884
[32, 48, 89] : 0.006499398833964747
[1872] : 0.006488056078582609
[36, 39, 41] : 0.006488056078582609
[2437] : 0.006476713323200472
[878] : 0.006465370567818335
[41, 475] : 0.006465370567818335
[41, 2238] : 0.006465370567818335
[48, 39, 2958] : 0.006465370567818335
[1239] : 0.006454027812436197
[2383] : 0.006454027812436197
[32, 237] : 0.0064426850570540595
[48, 37] : 0.006408656790907647
[242, 39] : 0.00639731403552551
[39, 45] : 0.006340600258614822
[39, 570] : 0.006329257503232685
[48, 37, 38] : 0.006317914747850548
[48, 39, 185] : 0.006295229237086273
[117, 39] : 0.006283886481704136
[36, 38, 39, 41] : 0.006272543726321998
[1043] : 0.006249858215557723
[2] : 0.006227172704793448
[48, 310, 41] : 0.006204487194029174
[48, 65, 39, 41] : 0.006204487194029174
[155] : 0.0061931444386470365
[48, 39, 9] : 0.0061931444386470365
[48, 229] : 0.0061818016832648984
[389, 39] : 0.006170458927882761
[62] : 0.006159116172500624
[913] : 0.006159116172500624
[916] : 0.006159116172500624
[32, 310] : 0.006136430661736349
[48, 1135] : 0.006136430661736349
[30] : 0.006125087906354212
[961] : 0.006125087906354212
[18, 39] : 0.006125087906354212
[32, 170] : 0.006125087906354212
[48, 956] : 0.006125087906354212
[48, 14098, 39] : 0.006125087906354212
[32, 48, 38, 41] : 0.006125087906354212
[39, 31] : 0.0061024023955899365
[48, 225, 41] : 0.006091059640207799
[1417] : 0.006079716884825662
[56] : 0.006068374129443524
[12946] : 0.006068374129443524
[225, 38, 39] : 0.006068374129443524
[48, 264] : 0.006057031374061387
[371, 39] : 0.006034345863297112
[32, 38, 170] : 0.006034345863297112
[32, 39, 89] : 0.006034345863297112
[39, 649] : 0.0060230031079149746
[208] : 0.0060003175971507
[39, 76] : 0.0060003175971507
[48, 39, 16010] : 0.0060003175971507
[10515, 39] : 0.005988974841768562
[704] : 0.005966289331004288
[371, 38, 39] : 0.005966289331004288
[297] : 0.00595494657562215
[623] : 0.00595494657562215
[2118] : 0.00595494657562215
[48, 405] : 0.00595494657562215
[1693] : 0.005943603820240013
[544, 39] : 0.005943603820240013
[48, 10515] : 0.005943603820240013
[261] : 0.0059322610648578755
[790] : 0.0059322610648578755
[48, 39, 41, 89] : 0.005920918309475738
[4883] : 0.0059095755540936
[48, 740] : 0.005898232798711463
[48, 39, 604] : 0.005898232798711463
[855] : 0.005886890043329326
[910] : 0.005886890043329326
[48, 161] : 0.005864204532565051
[94] : 0.0058528617771829135
[48, 338, 39] : 0.0058528617771829135
[398] : 0.0058415190218007755
[39, 41, 110] : 0.0058415190218007755
[48, 592, 39] : 0.0058415190218007755
[38, 56] : 0.005830176266418638
[48, 570] : 0.005830176266418638
[571] : 0.005818833511036501
[48, 479] : 0.005818833511036501
[48, 549] : 0.005818833511036501
[1355] : 0.005807490755654364
[23, 39] : 0.005807490755654364
[39, 103] : 0.005807490755654364
[32, 65, 39] : 0.005807490755654364
[38, 39, 237] : 0.005807490755654364
[38, 39, 41, 110] : 0.005796148000272226
[48, 39, 249] : 0.005784805244890089
[53] : 0.005773462489507952
[48, 39, 123] : 0.005773462489507952
[426] : 0.0057621197341258135
[2284] : 0.0057621197341258135
[38, 790] : 0.0057621197341258135
[41, 270] : 0.0057621197341258135
[1714] : 0.005750776978743676
[48, 1393, 39] : 0.005750776978743676
[39, 334] : 0.005739434223361539
[48, 544] : 0.005716748712597264
[798] : 0.005705405957215127
[229, 39] : 0.005705405957215127
[52] : 0.005682720446450852
[41, 1146] : 0.005682720446450852
[405, 39] : 0.005671377691068714
[2168] : 0.005660034935686577
[41, 79] : 0.005660034935686577
[793] : 0.00560332115877589
[856] : 0.00560332115877589
[32, 36] : 0.00560332115877589
[48, 31] : 0.0055919784033937525
[806, 39] : 0.0055919784033937525
[48, 175] : 0.0055919784033937525
[549, 39] : 0.005580635648011615
[48, 45] : 0.005580635648011615
[32, 48, 65] : 0.005580635648011615
[48, 41, 170] : 0.005580635648011615
[345] : 0.00555795013724734
[48, 649] : 0.00555795013724734
[48, 766] : 0.005546607381865203
[2329] : 0.005535264626483065
[65, 38, 39] : 0.005535264626483065
[48, 310, 39, 41] : 0.0055125791157187905
[1344, 39] : 0.005501236360336653
[48, 76] : 0.005501236360336653
[39, 270, 271] : 0.005489893604954515
[48, 38, 41, 170] : 0.005489893604954515
[808] : 0.005467208094190241
[1987] : 0.005467208094190241
[418] : 0.005455865338808103
[2080] : 0.005455865338808103
[2399] : 0.005455865338808103
[2879] : 0.005455865338808103
[39, 664] : 0.005455865338808103
[178] : 0.005433179828043829
[408] : 0.005433179828043829
[14933] : 0.005433179828043829
[39, 41, 237] : 0.005410494317279553
[12959] : 0.005399151561897416
[101, 41] : 0.005399151561897416
[39, 41, 475] : 0.005399151561897416
[1600, 39] : 0.005376466051133141
[10444] : 0.005365123295751004
[48, 156] : 0.005365123295751004
[48, 39, 301] : 0.005365123295751004
[1479] : 0.005353780540368867
[39, 11] : 0.005353780540368867
[32, 36, 38] : 0.005353780540368867
[39, 41, 2238] : 0.005353780540368867
[39, 812] : 0.005342437784986729
[976, 39] : 0.005342437784986729
[1814, 39] : 0.005342437784986729
[48, 39, 824] : 0.005342437784986729
[32, 271] : 0.0053310950296045915
[39, 766] : 0.0053310950296045915
[12929, 39] : 0.0053310950296045915
[48, 1578] : 0.005319752274222454
[48, 225, 39, 41] : 0.005319752274222454
[1677] : 0.005308409518840317
[136] : 0.005297066763458179
[1867] : 0.005297066763458179
[41, 16010] : 0.005297066763458179
[48, 107] : 0.005297066763458179
[48, 703] : 0.005297066763458179
[48, 548, 39] : 0.005297066763458179
[48, 38, 39, 89] : 0.005297066763458179
[432] : 0.005285724008076042
[32, 225, 39] : 0.005285724008076042
[1020] : 0.005274381252693905
[48, 18] : 0.005274381252693905
[80] : 0.005263038497311767
[48, 39, 286] : 0.005263038497311767
[48, 11] : 0.0052516957419296295
[48, 812] : 0.0052516957419296295
[48, 39, 16217] : 0.0052516957419296295
[2184] : 0.005240352986547492
[2051] : 0.005229010231165354
[2135] : 0.005229010231165354
[1659] : 0.00520632472040108
[39, 1435] : 0.00520632472040108
[41, 1327] : 0.00520632472040108
[39, 1135] : 0.005194981965018943
[48, 38, 39, 286] : 0.005194981965018943
[48, 976] : 0.005172296454254668
[39, 105] : 0.00516095369887253
[831] : 0.005149610943490392
[281] : 0.005138268188108255
[39, 703] : 0.005138268188108255
[39, 10] : 0.005126925432726118
[39, 55] : 0.005126925432726118
[48, 179, 39] : 0.005126925432726118
[48, 258, 39] : 0.005126925432726118
[48, 1814] : 0.00511558267734398
[39, 41, 271] : 0.00511558267734398
[48, 39, 201] : 0.00511558267734398
[32, 48, 39, 89] : 0.00511558267734398
[1585] : 0.005104239921961843
[1704] : 0.005104239921961843
[32, 110] : 0.005092897166579706
[38, 39, 105] : 0.005092897166579706
[1113] : 0.0050815544111975685
[32, 48, 38, 39, 41] : 0.0050815544111975685
[32, 475] : 0.00507021165581543
[789, 39] : 0.00507021165581543
[1404] : 0.005058868900433293
[272, 39] : 0.005058868900433293
[48, 677, 39] : 0.005058868900433293
[490] : 0.005047526145051156
[47] : 0.005036183389669018
[48, 1600] : 0.005036183389669018
[48, 13041, 39] : 0.005036183389669018
[48, 334] : 0.005024840634286881
[32, 38, 110] : 0.005024840634286881
[48, 39, 589] : 0.005024840634286881
[365] : 0.005013497878904744
[48, 772] : 0.005013497878904744
[39, 269] : 0.0050021551235226065
[48, 37, 39] : 0.0049908123681404685
[979] : 0.004979469612758331
[48, 269] : 0.004979469612758331
[48, 39, 783] : 0.004979469612758331
[352] : 0.004968126857376194
[13189] : 0.004968126857376194
[147, 41] : 0.004968126857376194
[384] : 0.004956784101994056
[32, 270] : 0.004956784101994056
[39, 396] : 0.004945441346611919
[48, 39, 15832] : 0.004945441346611919
[319] : 0.004934098591229782
[1062] : 0.0049114130804655065
[2505] : 0.0049114130804655065
[38, 310] : 0.0049114130804655065
[8978, 39] : 0.0049114130804655065
[41, 16217] : 0.0049114130804655065
[48, 1435] : 0.0049114130804655065
[48, 37, 38, 39] : 0.0049114130804655065
[591] : 0.004900070325083369
[38, 47] : 0.004900070325083369
[38, 281] : 0.004900070325083369
[48, 488] : 0.004900070325083369
[2987] : 0.004888727569701232
[48, 103] : 0.004888727569701232
[9501] : 0.004877384814319094
[48, 12929] : 0.004877384814319094
[39, 379] : 0.004866042058936957
[547] : 0.00485469930355482
[830] : 0.00485469930355482
[1158] : 0.00485469930355482
[260, 39] : 0.00485469930355482
[438, 41] : 0.00485469930355482
[48, 41, 475] : 0.00485469930355482
[514] : 0.004843356548172682
[48, 10] : 0.004843356548172682
[39, 16011] : 0.004843356548172682
[48, 1344] : 0.004843356548172682
[2523] : 0.004832013792790545
[16430] : 0.004832013792790545
[39, 107] : 0.004832013792790545
[1121] : 0.004820671037408407
[1126] : 0.004820671037408407
[2343] : 0.004820671037408407
[48, 39, 522] : 0.004820671037408407
[1000] : 0.004797985526644132
[1486] : 0.004797985526644132
[48, 41, 110] : 0.004797985526644132
[1513] : 0.004786642771261995
[39, 681] : 0.004786642771261995
[48, 389] : 0.004786642771261995
[48, 407] : 0.004786642771261995
[48, 464] : 0.004786642771261995
[38, 39, 55] : 0.004786642771261995
[3799] : 0.004775300015879858
[9555] : 0.004775300015879858
[15832, 41] : 0.004775300015879858
[48, 789] : 0.004775300015879858
[351] : 0.00476395726049772
[1277] : 0.00476395726049772
[2241] : 0.00476395726049772
[1543] : 0.004752614505115583
[2056] : 0.004752614505115583
[3616, 39] : 0.004752614505115583
[39, 16010, 16011] : 0.004752614505115583
[48, 38, 41, 110] : 0.004752614505115583
[48, 39, 41, 170] : 0.004752614505115583
[10491] : 0.0047412717497334455
[10653] : 0.0047412717497334455
[39, 407] : 0.0047412717497334455
[12943] : 0.0047299289943513075
[48, 186] : 0.0047299289943513075
[48, 23] : 0.00471858623896917
[48, 3270, 39] : 0.00471858623896917
[1557] : 0.004707243483587033
[10656] : 0.004707243483587033
[8985] : 0.004695900728204896
[675, 39] : 0.004695900728204896
[41, 413] : 0.004695900728204896
[48, 38, 237] : 0.004695900728204896
[39, 186] : 0.004684557972822758
[1986, 39] : 0.004684557972822758
[48, 38, 39, 41, 170] : 0.004684557972822758
[248] : 0.004673215217440621
[415] : 0.004673215217440621
[694] : 0.004673215217440621
[842] : 0.004673215217440621
[32, 101] : 0.004673215217440621
[464, 39] : 0.004673215217440621
[1066] : 0.0046618724620584836
[2673] : 0.0046618724620584836
[2775] : 0.0046505297066763455
[12] : 0.004639186951294208
[1481] : 0.004639186951294208
[3361] : 0.004639186951294208
[14099] : 0.004639186951294208
[48, 535] : 0.004639186951294208
[48, 425] : 0.004627844195912071
[48, 65, 38] : 0.004627844195912071
[1103] : 0.004616501440529933
[38, 2238] : 0.004616501440529933
[39, 267] : 0.004616501440529933
[39, 1198] : 0.004616501440529933
[48, 340] : 0.004616501440529933
[772, 39] : 0.004605158685147796
[246] : 0.004593815929765659
[4698] : 0.004593815929765659
[225, 2238] : 0.004593815929765659
[48, 39, 956] : 0.004593815929765659
[176] : 0.004582473174383522
[39, 809] : 0.004582473174383522
[48, 39, 570] : 0.004582473174383522
[12951] : 0.004571130419001384
[48, 39, 264] : 0.004571130419001384
[48, 19, 39] : 0.004559787663619246
[1052] : 0.004548444908237109
[39, 279] : 0.004548444908237109
[1361] : 0.004537102152854971
[39, 535] : 0.004537102152854971
[2208] : 0.004525759397472834
[48, 242] : 0.004525759397472834
[39, 41, 270] : 0.004525759397472834
[48, 225, 38] : 0.004514416642090697
[341] : 0.004491731131326422
[13443] : 0.004491731131326422
[340, 39] : 0.004491731131326422
[39, 425] : 0.004491731131326422
[48, 806] : 0.004491731131326422
[225, 271] : 0.0044803883759442845
[38, 475] : 0.004457702865180009
[39, 441] : 0.004457702865180009
[1313] : 0.004446360109797872
[2492] : 0.004446360109797872
[38, 271] : 0.004446360109797872
[48, 740, 39] : 0.004446360109797872
[840] : 0.004435017354415735
[1214] : 0.004435017354415735
[1859] : 0.004435017354415735
[32, 48, 310] : 0.004435017354415735
[39, 41, 1146] : 0.004435017354415735
[12935] : 0.004423674599033597
[38, 270] : 0.004423674599033597
[13041, 41] : 0.004423674599033597
[48, 865] : 0.004423674599033597
[38, 438] : 0.00441233184365146
[39, 488] : 0.00441233184365146
[2515] : 0.0044009890882693225
[48, 36, 41] : 0.0044009890882693225
[1003] : 0.004389646332887185
[48, 664] : 0.004389646332887185
[48, 39, 1135] : 0.004378303577505047
[32, 79] : 0.004355618066740773
[727] : 0.004344275311358635
[1257] : 0.004344275311358635
[2353] : 0.004344275311358635
[48, 279] : 0.004344275311358635
[48, 2199] : 0.004344275311358635
[48, 39, 175] : 0.004344275311358635
[715] : 0.004332932555976498
[10490] : 0.004332932555976498
[865, 39] : 0.004332932555976498
[48, 449] : 0.004332932555976498
[32, 310, 39] : 0.004332932555976498
[48, 229, 39] : 0.004332932555976498
[3502] : 0.004321589800594361
[48, 39, 1004] : 0.004321589800594361
[48, 259] : 0.0043102470452122225
[48, 272] : 0.0043102470452122225
[39, 41, 1327] : 0.0043102470452122225
[1082] : 0.004298904289830085
[1930] : 0.004298904289830085
[38, 840] : 0.004298904289830085
[48, 260] : 0.004298904289830085
[48, 396] : 0.004287561534447948
[48, 681] : 0.004287561534447948
[39, 41, 79] : 0.004287561534447948
[48, 117, 39] : 0.004287561534447948
[39, 2383] : 0.004276218779065811
[48, 39, 156] : 0.004276218779065811
[48, 36, 38, 41] : 0.004276218779065811
[390] : 0.004264876023683673
[903] : 0.004264876023683673
[2015] : 0.004264876023683673
[374, 39] : 0.004264876023683673
[48, 1198] : 0.004264876023683673
[48, 3616] : 0.004264876023683673
[370] : 0.004253533268301536
[2115] : 0.004253533268301536
[48, 41, 237] : 0.004253533268301536
[1562] : 0.004242190512919399
[2187] : 0.004242190512919399
[259, 39] : 0.004242190512919399
[48, 675] : 0.004242190512919399
[48, 16011] : 0.004242190512919399
[48, 809] : 0.004230847757537261
[48, 10515, 39] : 0.004230847757537261
[1619] : 0.004219505002155123
[449, 39] : 0.004219505002155123
[39, 1783] : 0.004219505002155123
[48, 105] : 0.004219505002155123
[48, 39, 41, 475] : 0.004219505002155123
[978] : 0.004208162246772986
[1973] : 0.004208162246772986
[2552] : 0.004208162246772986
[48, 41, 2238] : 0.004208162246772986
[730] : 0.004185476736008711
[785] : 0.004185476736008711
[817] : 0.004185476736008711
[2991] : 0.004185476736008711
[8691] : 0.004185476736008711
[48, 371] : 0.004185476736008711
[48, 1067] : 0.004185476736008711
[48, 270, 271] : 0.004185476736008711
[581, 39] : 0.004174133980626574
[39, 10446] : 0.004174133980626574
[48, 267] : 0.004174133980626574
[39, 41, 16010] : 0.004174133980626574
[101, 39, 41] : 0.004174133980626574
[48, 38, 105] : 0.004162791225244437
[232] : 0.004151448469862299
[734] : 0.004151448469862299
[7205] : 0.004151448469862299
[32, 48, 225] : 0.004151448469862299
[1046] : 0.0041401057144801615
[48, 371, 38] : 0.0041401057144801615
[438, 39, 41] : 0.0041401057144801615
[39, 56] : 0.004128762959098024
[150, 39] : 0.004128762959098024
[790, 39] : 0.004128762959098024
[5051] : 0.004117420203715886
[32, 48, 237] : 0.004117420203715886
[370, 38] : 0.004106077448333749
[48, 16010, 16011] : 0.004106077448333749
[48, 39, 45] : 0.004094734692951612
[640] : 0.004072049182187337
[32, 147] : 0.004072049182187337
[32, 2238] : 0.0040607064268051996
[48, 39, 479] : 0.0040607064268051996
[32, 48, 65, 39] : 0.004049363671423062
[39, 297] : 0.004038020916040924
[1715, 39] : 0.004038020916040924
[48, 2383] : 0.004038020916040924
[38, 790, 39] : 0.004038020916040924
[48, 161, 39] : 0.004038020916040924
[48, 549, 39] : 0.004026678160658787
[768] : 0.00401533540527665
[38, 390] : 0.00401533540527665
[885, 39] : 0.00401533540527665
[2626] : 0.004003992649894512
[48, 150] : 0.004003992649894512
[48, 581] : 0.004003992649894512
[424] : 0.003992649894512375
[829] : 0.003992649894512375
[3510] : 0.003992649894512375
[15618, 39] : 0.003992649894512375
[38, 39, 56] : 0.003992649894512375
[48, 38, 39, 237] : 0.003992649894512375
[16431] : 0.003981307139130238
[53, 39] : 0.003981307139130238
[916, 39] : 0.0039699643837481004
[39, 1239] : 0.0039699643837481004
[48, 1715] : 0.0039699643837481004
[48, 39, 649] : 0.0039699643837481004
[48, 39, 1578] : 0.0039699643837481004
[32, 438] : 0.003958621628365962
[39, 251] : 0.003958621628365962
[261, 39] : 0.003958621628365962
[39, 2199] : 0.003958621628365962
[39, 2284] : 0.003958621628365962
[32, 39, 237] : 0.003958621628365962
[48, 379] : 0.003947278872983825
[16430, 16431] : 0.003947278872983825
[48, 544, 39] : 0.003947278872983825
[2254] : 0.003935936117601688
[38, 1327] : 0.003935936117601688
[39, 155] : 0.003935936117601688
[39, 1693] : 0.003935936117601688
[48, 39, 41, 110] : 0.003935936117601688
[497] : 0.00392459336221955
[610] : 0.00392459336221955
[1027] : 0.00392459336221955
[48, 1239] : 0.00392459336221955
[48, 1986] : 0.00392459336221955
[48, 2437] : 0.00392459336221955
[48, 39, 11] : 0.00392459336221955
[48, 41, 271] : 0.00392459336221955
[48, 38, 39, 41, 110] : 0.00392459336221955
[15] : 0.003913250606837413
[2065] : 0.003913250606837413
[101, 38] : 0.003913250606837413
[4336, 39] : 0.003913250606837413
[48, 10446] : 0.003913250606837413
[48, 39, 76] : 0.003913250606837413
[993] : 0.0039019078514552757
[39, 30] : 0.0039019078514552757
[39, 878] : 0.0039019078514552757
[39, 1144] : 0.0039019078514552757
[48, 8978] : 0.0039019078514552757
[48, 1814, 39] : 0.0039019078514552757
[1308] : 0.003890565096073138
[2468] : 0.003890565096073138
[48, 36, 39, 41] : 0.003890565096073138
[12933] : 0.0038792223406910005
[1043, 39] : 0.0038792223406910005
[1425] : 0.0038678795853088633
[3904] : 0.0038678795853088633
[48, 441] : 0.0038678795853088633
[48, 2118] : 0.0038678795853088633
[10442] : 0.0038565368299267257
[32, 1146] : 0.0038565368299267257
[420, 39] : 0.0038565368299267257
[48, 374] : 0.0038565368299267257
[48, 405, 39] : 0.0038565368299267257
[653] : 0.0038451940745445885
[1444] : 0.0038451940745445885
[1638] : 0.0038451940745445885
[2325] : 0.0038451940745445885
[2633] : 0.0038451940745445885
[7975] : 0.0038451940745445885
[32, 1046] : 0.0038451940745445885
[12946, 39] : 0.0038451940745445885
[10525] : 0.003833851319162451
[48, 251] : 0.003833851319162451
[195] : 0.0038225085637803133
[1081] : 0.0038225085637803133
[1360] : 0.0038225085637803133
[4650] : 0.0038225085637803133
[48, 225, 38, 39] : 0.0038225085637803133
[643] : 0.003811165808398176
[913, 39] : 0.003811165808398176
[533, 41] : 0.003811165808398176
[48, 1144] : 0.003811165808398176
[48, 39, 31] : 0.003811165808398176
[38, 310, 39] : 0.003811165808398176
[147, 39, 41] : 0.003811165808398176
[346] : 0.0037998230530160385
[48, 1783] : 0.0037998230530160385
[39, 41, 16217] : 0.0037998230530160385
[48, 39, 766] : 0.0037998230530160385
[96] : 0.0037884802976339014
[984] : 0.0037884802976339014
[2894] : 0.0037884802976339014
[39, 426] : 0.0037884802976339014
[48, 36, 38, 39, 41] : 0.0037884802976339014
[3904, 38] : 0.0037771375422517637
[39, 2046] : 0.0037771375422517637
[48, 1872] : 0.0037771375422517637
[48, 39, 334] : 0.0037771375422517637
[1185] : 0.0037657947868696266
[2091] : 0.0037657947868696266
[979, 39] : 0.0037657947868696266
[39, 1067] : 0.0037657947868696266
[41, 255] : 0.0037657947868696266
[32, 39, 170] : 0.0037657947868696266
[48, 41, 79] : 0.0037657947868696266
[961, 39] : 0.003754452031487489
[1872, 39] : 0.003754452031487489
[164] : 0.0037431092761053514
[3827] : 0.0037431092761053514
[13334] : 0.0037431092761053514
[48, 208] : 0.0037431092761053514
[48, 261] : 0.0037431092761053514
[48, 4336] : 0.0037431092761053514
[48, 18, 39] : 0.0037431092761053514
[48, 101, 41] : 0.0037431092761053514
[769] : 0.003731766520723214
[4393] : 0.003731766520723214
[48, 734] : 0.003731766520723214
[48, 798] : 0.003731766520723214
[751] : 0.0037204237653410766
[15578] : 0.0037204237653410766
[147, 38] : 0.0037204237653410766
[39, 846] : 0.0037204237653410766
[48, 297] : 0.0037204237653410766
[203] : 0.0037090810099589394
[1698] : 0.0037090810099589394
[2215] : 0.0037090810099589394
[48, 426] : 0.0037090810099589394
[48, 961] : 0.0037090810099589394
[48, 789, 39] : 0.0037090810099589394
[32, 413] : 0.003697738254576802
[208, 39] : 0.003697738254576802
[48, 52] : 0.003697738254576802
[32, 38, 39, 170] : 0.003697738254576802
[652] : 0.003686395499194664
[1196] : 0.003686395499194664
[12982] : 0.003686395499194664
[13174] : 0.003686395499194664
[39, 855] : 0.003686395499194664
[48, 55] : 0.003686395499194664
[48, 976, 39] : 0.003686395499194664
[48, 65, 38, 39] : 0.003686395499194664
[75] : 0.003675052743812527
[1209] : 0.003675052743812527
[2495] : 0.003675052743812527
[3964] : 0.003675052743812527
[4524] : 0.003675052743812527
[13032] : 0.003675052743812527
[2, 39] : 0.003675052743812527
[947, 39] : 0.003675052743812527
[48, 947] : 0.003675052743812527
[48, 2329] : 0.003675052743812527
[32, 36, 39] : 0.003675052743812527
[32, 1327] : 0.0036637099884303894
[209, 39] : 0.0036637099884303894
[48, 15618] : 0.0036637099884303894
[48, 389, 39] : 0.0036637099884303894
[921] : 0.0036523672330482523
[1529] : 0.0036523672330482523
[39, 571] : 0.0036523672330482523
[39, 910] : 0.0036523672330482523
[48, 53] : 0.0036523672330482523
[48, 39, 10] : 0.0036523672330482523
[48, 23, 39] : 0.0036523672330482523
[39, 15832, 41] : 0.0036523672330482523
[48, 39, 107] : 0.0036523672330482523
[48, 39, 41, 2238] : 0.0036523672330482523
[433] : 0.0036410244776661146
[32, 255] : 0.0036410244776661146
[39, 1417] : 0.0036410244776661146
[48, 39, 103] : 0.0036410244776661146
[215] : 0.003629681722283977
[39, 47] : 0.003629681722283977
[52, 39] : 0.003629681722283977
[39, 398] : 0.003629681722283977
[14933, 39] : 0.003629681722283977
[824, 41] : 0.003629681722283977
[48, 398] : 0.003629681722283977
[48, 913] : 0.003629681722283977
[48, 12929, 39] : 0.003629681722283977
[66] : 0.00361833896690184
[342] : 0.00361833896690184
[501] : 0.00361833896690184
[2075] : 0.00361833896690184
[2629] : 0.0036069962115197023
[48, 571] : 0.0036069962115197023
[39, 41, 413] : 0.0036069962115197023
[262] : 0.003595653456137565
[622] : 0.003595653456137565
[1714, 39] : 0.003595653456137565
[39, 2135] : 0.003595653456137565
[225, 39, 2238] : 0.003595653456137565
[204] : 0.0035843107007554275
[534] : 0.0035843107007554275
[2191] : 0.0035843107007554275
[3317] : 0.0035843107007554275
[80, 39] : 0.0035843107007554275
[48, 345] : 0.0035843107007554275
[48, 1693] : 0.0035843107007554275
[39, 623] : 0.00357296794537329
[48, 790] : 0.00357296794537329
[48, 1417] : 0.00357296794537329
[48, 41, 270] : 0.00357296794537329
[48, 41, 16010] : 0.00357296794537329
[1808] : 0.0035616251899911527
[39, 831] : 0.0035616251899911527
[48, 62] : 0.0035616251899911527
[48, 155] : 0.0035616251899911527
[65, 89] : 0.0035616251899911527
[48, 1344, 39] : 0.0035616251899911527
[38, 79] : 0.003550282434609015
[178, 39] : 0.003550282434609015
[39, 1355] : 0.003550282434609015
[4883, 39] : 0.003550282434609015
[48, 910] : 0.003550282434609015
[32, 39, 475] : 0.003550282434609015
[38, 39, 47] : 0.003550282434609015
[48, 41, 1146] : 0.003550282434609015
[3759] : 0.003538939679226878
[39, 793] : 0.003538939679226878
[48, 209] : 0.003538939679226878
[976, 117] : 0.003538939679226878
[48, 39, 41, 237] : 0.003538939679226878
[1333] : 0.0035275969238447403
[1655] : 0.0035275969238447403
[10943] : 0.0035275969238447403
[2118, 39] : 0.0035275969238447403
[48, 420] : 0.0035275969238447403
[48, 831] : 0.0035275969238447403
[48, 916] : 0.0035275969238447403
[13041, 39, 41] : 0.0035275969238447403
[1034] : 0.003516254168462603
[2524] : 0.003516254168462603
[48, 623] : 0.003516254168462603
[48, 878] : 0.003516254168462603
[32, 39, 271] : 0.003516254168462603
[48, 39, 269] : 0.003516254168462603
[48, 39, 812] : 0.003516254168462603
[235] : 0.0035049114130804655
[309] : 0.0035049114130804655
[2792] : 0.0035049114130804655
[1987, 39] : 0.0035049114130804655
[48, 56] : 0.0035049114130804655
[48, 38, 55] : 0.0035049114130804655
[225, 39, 271] : 0.0035049114130804655
[2051, 39] : 0.003493568657698328
[2437, 39] : 0.003493568657698328
[32, 48, 170] : 0.003493568657698328
[32, 48, 475] : 0.003493568657698328
[38, 39, 475] : 0.003493568657698328
[38, 39, 2238] : 0.003493568657698328
[32, 36, 38, 39] : 0.003493568657698328
[227] : 0.0034822259023161908
[397] : 0.0034822259023161908
[9, 41] : 0.0034822259023161908
[39, 1659] : 0.0034822259023161908
[48, 704] : 0.0034822259023161908
[48, 885] : 0.0034822259023161908
[48, 38, 790] : 0.0034822259023161908
[48, 39, 1435] : 0.0034822259023161908
[48, 1600, 39] : 0.0034822259023161908
[48, 41, 1327] : 0.0034822259023161908
[32, 48, 310, 39] : 0.0034822259023161908
[278] : 0.003470883146934053
[1991] : 0.003470883146934053
[38, 1146] : 0.003470883146934053
[39, 136] : 0.003470883146934053
[48, 855] : 0.003470883146934053
[48, 1043] : 0.003470883146934053
[48, 1677] : 0.003470883146934053
[320] : 0.003459540391551916
[48, 2046] : 0.003459540391551916
[48, 4883] : 0.003459540391551916
[48, 39, 186] : 0.003459540391551916
[32, 48, 38, 170] : 0.003459540391551916
[213] : 0.0034481976361697784
[48, 793] : 0.0034481976361697784
[48, 39, 407] : 0.0034481976361697784
[4207] : 0.0034368548807876408
[12981] : 0.0034368548807876408
[592, 41] : 0.0034368548807876408
[989] : 0.0034255121254055036
[1956] : 0.0034255121254055036
[10451] : 0.0034255121254055036
[39, 1479] : 0.0034255121254055036
[48, 10444] : 0.0034255121254055036
[48, 12935] : 0.0034255121254055036
[48, 39, 703] : 0.0034255121254055036
[48, 806, 39] : 0.0034255121254055036
[927] : 0.003414169370023366
[2364] : 0.003414169370023366
[2749] : 0.003414169370023366
[14386] : 0.003414169370023366
[39, 2168] : 0.003414169370023366
[166] : 0.003402826614641229
[697] : 0.003402826614641229
[1939] : 0.003402826614641229
[2375] : 0.003402826614641229
[2425] : 0.003402826614641229
[3316] : 0.003402826614641229
[32, 533] : 0.003402826614641229
[39, 94] : 0.003402826614641229
[39, 345] : 0.003402826614641229
[48, 2051] : 0.003402826614641229
[48, 242, 39] : 0.003402826614641229
[1489] : 0.0033914838592590912
[4779] : 0.0033914838592590912
[48, 39, 425] : 0.0033914838592590912
[504] : 0.0033801411038769536
[1281] : 0.0033801411038769536
[48, 30] : 0.0033801411038769536
[41, 185] : 0.0033801411038769536
[48, 1987] : 0.0033801411038769536
[48, 38, 310] : 0.0033801411038769536
[32, 48, 225, 39] : 0.0033801411038769536
[2054] : 0.0033687983484948164
[5152] : 0.0033687983484948164
[38, 413] : 0.0033687983484948164
[39, 2505] : 0.0033687983484948164
[48, 846] : 0.0033687983484948164
[682] : 0.003357455593112679
[1842] : 0.003357455593112679
[2440] : 0.003357455593112679
[4994] : 0.003357455593112679
[48, 39, 664] : 0.003357455593112679
[48, 438, 41] : 0.003357455593112679
[5] : 0.0033461128377305417
[543] : 0.0033461128377305417
[1080] : 0.0033461128377305417
[1172] : 0.0033461128377305417
[38, 1529] : 0.0033461128377305417
[225, 270] : 0.0033461128377305417
[48, 38, 56] : 0.0033461128377305417
[48, 371, 39] : 0.0033461128377305417
[5074] : 0.003334770082348404
[38, 12925] : 0.003334770082348404
[39, 2184] : 0.003334770082348404
[48, 830] : 0.003334770082348404
[10515, 405] : 0.003334770082348404
[48, 371, 38, 39] : 0.003334770082348404
[168] : 0.0033234273269662665
[1590] : 0.0033234273269662665
[2164] : 0.0033234273269662665
[2464] : 0.0033234273269662665
[8068] : 0.0033234273269662665
[418, 39] : 0.0033234273269662665
[39, 10444] : 0.0033234273269662665
[41, 175] : 0.0033234273269662665
[48, 94] : 0.0033234273269662665
[48, 514] : 0.0033234273269662665
[48, 2135] : 0.0033234273269662665
[3616, 1146] : 0.0033234273269662665
[1763] : 0.0033120845715841293
[39, 2879] : 0.0033120845715841293
[48, 1585] : 0.0033120845715841293
[48, 2284] : 0.0033120845715841293
[48, 39, 267] : 0.0033120845715841293
[9579] : 0.0033007418162019917
[39, 856] : 0.0033007418162019917
[39, 1677] : 0.0033007418162019917
[39, 2399] : 0.0033007418162019917
[38, 39, 270] : 0.0033007418162019917
[48, 39, 105] : 0.0033007418162019917
[48, 675, 39] : 0.0033007418162019917
[938] : 0.0032893990608198545
[39, 798] : 0.0032893990608198545
[39, 1543] : 0.0032893990608198545
[8978, 41] : 0.0032893990608198545
[38, 39, 271] : 0.0032893990608198545
[48, 38, 475] : 0.0032893990608198545
[48, 39, 809] : 0.0032893990608198545
[48, 38, 39, 105] : 0.0032893990608198545
[1282] : 0.003278056305437717
[3294] : 0.003278056305437717
[5729] : 0.003278056305437717
[32, 185] : 0.003278056305437717
[39, 591] : 0.003278056305437717
[48, 464, 39] : 0.003278056305437717
[423] : 0.0032667135500555793
[2388] : 0.0032667135500555793
[4642] : 0.0032667135500555793
[5405] : 0.0032667135500555793
[39, 281] : 0.0032667135500555793
[39, 365] : 0.0032667135500555793
[48, 2184] : 0.0032667135500555793
[48, 8691] : 0.0032667135500555793
[82] : 0.003255370794673442
[718] : 0.003255370794673442
[907] : 0.003255370794673442
[1001] : 0.003255370794673442
[4899] : 0.003255370794673442
[39, 1704] : 0.003255370794673442
[48, 39, 488] : 0.003255370794673442
[48, 41, 413] : 0.003255370794673442
[48, 41, 16217] : 0.003255370794673442
[662] : 0.0032440280392913045
[3194] : 0.0032440280392913045
[3668] : 0.0032440280392913045
[432, 39] : 0.0032440280392913045
[41, 604] : 0.0032440280392913045
[48, 136] : 0.0032440280392913045
[48, 12946] : 0.0032440280392913045
[32, 39, 110] : 0.0032440280392913045
[2635] : 0.0032326852839091673
[2965] : 0.0032326852839091673
[10551] : 0.0032326852839091673
[32, 1004] : 0.0032326852839091673
[2241, 39] : 0.0032326852839091673
[48, 248] : 0.0032326852839091673
[48, 2080] : 0.0032326852839091673
[234] : 0.0032213425285270297
[412] : 0.0032213425285270297
[39, 1020] : 0.0032213425285270297
[39, 1513] : 0.0032213425285270297
[39, 3799] : 0.0032213425285270297
[48, 2241] : 0.0032213425285270297
[48, 2987] : 0.0032213425285270297
[32, 38, 39, 110] : 0.0032213425285270297
[48, 39, 270, 271] : 0.0032213425285270297
[511] : 0.0032099997731448926
[1280] : 0.0032099997731448926
[1379] : 0.0032099997731448926
[1564] : 0.0032099997731448926
[39, 808] : 0.0032099997731448926
[39, 12951] : 0.0032099997731448926
[48, 272, 39] : 0.0032099997731448926
[48, 1714] : 0.003198657017762755
[2238, 271] : 0.003198657017762755
[1976] : 0.0031873142623806174
[2625] : 0.0031873142623806174
[32, 16010] : 0.0031873142623806174
[38, 1590] : 0.0031873142623806174
[39, 62] : 0.0031873142623806174
[2080, 39] : 0.0031873142623806174
[48, 340, 39] : 0.0031873142623806174
[611] : 0.00317597150699848
[764] : 0.00317597150699848
[2344] : 0.00317597150699848
[2596] : 0.00317597150699848
[32, 548] : 0.00317597150699848
[48, 591] : 0.00317597150699848
[48, 2673] : 0.00317597150699848
[48, 147, 41] : 0.00317597150699848
[1269] : 0.0031646287516163426
[3279] : 0.0031646287516163426
[32, 301] : 0.0031646287516163426
[384, 39] : 0.0031646287516163426
[39, 490] : 0.0031646287516163426
[704, 39] : 0.0031646287516163426
[48, 408] : 0.0031646287516163426
[48, 490] : 0.0031646287516163426
[48, 39, 279] : 0.0031646287516163426
[4070] : 0.0031532859962342054
[39, 408] : 0.0031532859962342054
[48, 39, 396] : 0.0031532859962342054
[684] : 0.003141943240852068
[1291] : 0.003141943240852068
[1294] : 0.003141943240852068
[48, 1404] : 0.003141943240852068
[48, 39, 1198] : 0.003141943240852068
[128] : 0.00313060048546993
[169] : 0.00313060048546993
[250] : 0.00313060048546993
[1188] : 0.00313060048546993
[39, 8985] : 0.00313060048546993
[48, 2399] : 0.00313060048546993
[48, 2879] : 0.00313060048546993
[32, 39, 270] : 0.00313060048546993
[48, 8978, 39] : 0.00313060048546993
[1741] : 0.003119257730087793
[2573] : 0.003119257730087793
[4945] : 0.003119257730087793
[10420] : 0.003119257730087793
[39, 248] : 0.003119257730087793
[3904, 39] : 0.003119257730087793
[39, 9501] : 0.003119257730087793
[48, 1867] : 0.003119257730087793
[48, 39, 535] : 0.003119257730087793
[48, 39, 681] : 0.003119257730087793
[48, 772, 39] : 0.003119257730087793
[48, 39, 16011] : 0.003119257730087793
[533, 39, 41] : 0.003119257730087793
[165] : 0.0031079149747056554
[615] : 0.0031079149747056554
[805] : 0.0031079149747056554
[3315] : 0.0031079149747056554
[39, 1867] : 0.0031079149747056554
[48, 47] : 0.0031079149747056554
[48, 1020] : 0.0031079149747056554
[48, 14933] : 0.0031079149747056554
[38, 39, 281] : 0.0031079149747056554
[38, 39, 1327] : 0.0031079149747056554
[39, 41, 255] : 0.0031079149747056554
[2997] : 0.0030965722193235182
[978, 39] : 0.0030965722193235182
[39, 1404] : 0.0030965722193235182
[48, 1479] : 0.0030965722193235182
[244] : 0.0030852294639413806
[1232] : 0.0030852294639413806
[5124] : 0.0030852294639413806
[5248] : 0.0030852294639413806
[38, 175] : 0.0030852294639413806
[39, 1481] : 0.0030852294639413806
[38, 438, 39] : 0.0030852294639413806
[48, 865, 39] : 0.0030852294639413806
[48, 39, 41, 271] : 0.0030852294639413806
[95] : 0.003073886708559243
[1096] : 0.003073886708559243
[2053] : 0.003073886708559243
[514, 39] : 0.003073886708559243
[48, 80] : 0.003073886708559243
[48, 856] : 0.003073886708559243
[48, 260, 39] : 0.003073886708559243
[48, 41, 255] : 0.003073886708559243
[563] : 0.003062543953177106
[1602] : 0.003062543953177106
[1616] : 0.003062543953177106
[4685] : 0.003062543953177106
[10605] : 0.003062543953177106
[39, 319] : 0.003062543953177106
[39, 2329] : 0.003062543953177106
[48, 1486] : 0.003062543953177106
[32, 101, 39] : 0.003062543953177106
[48, 39, 2383] : 0.003062543953177106
[48, 3616, 39] : 0.003062543953177106
[48, 39, 41, 79] : 0.003062543953177106
[38, 249] : 0.0030512011977949683
[48, 281] : 0.0030512011977949683
[48, 2523] : 0.0030512011977949683
[48, 38, 47] : 0.0030512011977949683
[48, 39, 16010, 16011] : 0.0030512011977949683
[285] : 0.003039858442412831
[2856] : 0.003039858442412831
[12473] : 0.003039858442412831
[48, 2] : 0.003039858442412831
[1062, 39] : 0.003039858442412831
[41, 286] : 0.003039858442412831
[3904, 38, 39] : 0.003039858442412831
[8867] : 0.0030285156870306935
[38, 255] : 0.0030285156870306935
[694, 39] : 0.0030285156870306935
[39, 12935] : 0.0030285156870306935
[48, 418] : 0.0030285156870306935
[48, 808] : 0.0030285156870306935
[32, 48, 110] : 0.0030285156870306935
[1] : 0.003017172931648556
[116] : 0.003017172931648556
[1010] : 0.003017172931648556
[1903] : 0.003017172931648556
[2167] : 0.003017172931648556
[2370] : 0.003017172931648556
[32, 677] : 0.003017172931648556
[13189, 39] : 0.003017172931648556
[48, 979] : 0.003017172931648556
[48, 1052] : 0.003017172931648556
[48, 39, 2199] : 0.003017172931648556
[1183] : 0.0030058301762664187
[1938] : 0.0030058301762664187
[10448] : 0.0030058301762664187
[48, 246] : 0.0030058301762664187
[48, 2168] : 0.0030058301762664187
[32, 48, 270] : 0.0030058301762664187
[48, 438, 39, 41] : 0.0030058301762664187
[347] : 0.002994487420884281
[1629] : 0.002994487420884281
[1786] : 0.002994487420884281
[2763] : 0.002994487420884281
[2988] : 0.002994487420884281
[3635] : 0.002994487420884281
[39, 903] : 0.002994487420884281
[41, 60] : 0.002994487420884281
[117, 41] : 0.002994487420884281
[48, 3799] : 0.002994487420884281
[270, 2238] : 0.002994487420884281
[48, 581, 39] : 0.002994487420884281
[48, 1986, 39] : 0.002994487420884281
[48, 13041, 41] : 0.002994487420884281
[32, 48, 38, 110] : 0.002994487420884281
[48, 101, 39, 41] : 0.002994487420884281
[308] : 0.002983144665502144
[414] : 0.002983144665502144
[673] : 0.002983144665502144
[3012] : 0.002983144665502144
[39, 842] : 0.002983144665502144
[39, 4698] : 0.002983144665502144
[205] : 0.0029718019101200063
[344] : 0.0029718019101200063
[536] : 0.0029718019101200063
[932] : 0.0029718019101200063
[3151] : 0.0029718019101200063
[3462] : 0.0029718019101200063
[32, 60] : 0.0029718019101200063
[32, 824] : 0.0029718019101200063
[1585, 39] : 0.0029718019101200063
[39, 12959] : 0.0029718019101200063
[32, 48, 36] : 0.0029718019101200063
[587] : 0.002960459154737869
[749] : 0.002960459154737869
[753] : 0.002960459154737869
[1014] : 0.002960459154737869
[2212] : 0.002960459154737869
[4344] : 0.002960459154737869
[1361, 39] : 0.002960459154737869
[48, 319] : 0.002960459154737869
[48, 39, 41, 16010] : 0.002960459154737869
[550] : 0.0029491163993557315
[757] : 0.0029491163993557315
[1013] : 0.0029491163993557315
[1831] : 0.0029491163993557315
[2259] : 0.0029491163993557315
[2420] : 0.0029491163993557315
[2915] : 0.0029491163993557315
[48, 1355] : 0.0029491163993557315
[48, 39, 441] : 0.0029491163993557315
[48, 15832, 41] : 0.0029491163993557315
[48, 39, 41, 1146] : 0.0029491163993557315
[48, 39, 41, 1327] : 0.0029491163993557315
[189] : 0.002937773643973594
[489] : 0.002937773643973594
[492] : 0.002937773643973594
[552] : 0.002937773643973594
[612] : 0.002937773643973594
[3160] : 0.002937773643973594
[10513] : 0.002937773643973594
[246, 39] : 0.002937773643973594
[8691, 39] : 0.002937773643973594
[48, 365] : 0.002937773643973594
[48, 2015] : 0.002937773643973594
[38, 41, 286] : 0.002937773643973594
[48, 38, 281] : 0.002937773643973594
[647] : 0.0029264308885914568
[1899] : 0.0029264308885914568
[3189] : 0.0029264308885914568
[4307] : 0.0029264308885914568
[390, 39] : 0.0029264308885914568
[41, 249] : 0.0029264308885914568
[1344, 41] : 0.0029264308885914568
[48, 1659] : 0.0029264308885914568
[48, 2056] : 0.0029264308885914568
[48, 39, 41, 270] : 0.0029264308885914568
[206] : 0.002915088133209319
[837] : 0.002915088133209319
[1966] : 0.002915088133209319
[2225] : 0.002915088133209319
[32, 592] : 0.002915088133209319
[1121, 39] : 0.002915088133209319
[39, 2056] : 0.002915088133209319
[39, 10491] : 0.002915088133209319
[32, 39, 2238] : 0.002915088133209319
[167] : 0.002903745377827182
[1026] : 0.002903745377827182
[1163] : 0.002903745377827182
[3451] : 0.002903745377827182
[1188, 38] : 0.002903745377827182
[39, 830] : 0.002903745377827182
[39, 1257] : 0.002903745377827182
[39, 1486] : 0.002903745377827182
[41, 301] : 0.002903745377827182
[338, 41] : 0.002903745377827182
[48, 2505] : 0.002903745377827182
[32, 48, 101] : 0.002903745377827182
[32, 48, 271] : 0.002903745377827182
[32, 48, 39, 237] : 0.002903745377827182
[576] : 0.0028924026224450444
[987] : 0.0028924026224450444
[2843] : 0.0028924026224450444
[39, 734] : 0.0028924026224450444
[48, 415] : 0.0028924026224450444
[48, 150, 39] : 0.0028924026224450444
[48, 259, 39] : 0.0028924026224450444
[1595] : 0.0028810598670629068
[5728] : 0.0028810598670629068
[547, 39] : 0.0028810598670629068
[258, 41] : 0.0028810598670629068
[48, 715] : 0.0028810598670629068
[101, 38, 39] : 0.0028810598670629068
[32, 48, 36, 38] : 0.0028810598670629068
[925] : 0.0028697171116807696
[1143] : 0.0028697171116807696
[1372] : 0.0028697171116807696
[1497] : 0.0028697171116807696
[2723] : 0.0028697171116807696
[10568] : 0.0028697171116807696
[2353, 39] : 0.0028697171116807696
[39, 12943] : 0.0028697171116807696
[41, 201] : 0.0028697171116807696
[48, 727] : 0.0028697171116807696
[147, 38, 39] : 0.0028697171116807696
[48, 53, 39] : 0.0028697171116807696
[48, 39, 379] : 0.0028697171116807696
[924] : 0.002858374356298632
[1897] : 0.002858374356298632
[2406] : 0.002858374356298632
[3102] : 0.002858374356298632
[32, 123] : 0.002858374356298632
[38, 1831] : 0.002858374356298632
[39, 1003] : 0.002858374356298632
[39, 1103] : 0.002858374356298632
[1557, 39] : 0.002858374356298632
[1619, 39] : 0.002858374356298632
[48, 547] : 0.002858374356298632
[48, 10653] : 0.002858374356298632
[597] : 0.002847031600916495
[795] : 0.002847031600916495
[1804] : 0.002847031600916495
[1819] : 0.002847031600916495
[2186] : 0.002847031600916495
[2561] : 0.002847031600916495
[38, 264] : 0.002847031600916495
[39, 840] : 0.002847031600916495
[48, 432] : 0.002847031600916495
[48, 4698] : 0.002847031600916495
[48, 39, 55] : 0.002847031600916495
[48, 39, 1067] : 0.002847031600916495
[48, 38, 310, 39] : 0.002847031600916495
[77] : 0.002835688845534357
[256] : 0.002835688845534357
[2441] : 0.002835688845534357
[32, 9] : 0.002835688845534357
[1313, 39] : 0.002835688845534357
[48, 1003] : 0.002835688845534357
[48, 1066] : 0.002835688845534357
[48, 1103] : 0.002835688845534357
[48, 1121] : 0.002835688845534357
[48, 1313] : 0.002835688845534357
[48, 1557] : 0.002835688845534357
[48, 374, 39] : 0.002835688845534357
[48, 39, 426] : 0.002835688845534357
[50] : 0.0028243460901522196
[1318] : 0.0028243460901522196
[1609] : 0.0028243460901522196
[2177] : 0.0028243460901522196
[2815] : 0.0028243460901522196
[39, 2775] : 0.0028243460901522196
[32, 147, 39] : 0.0028243460901522196
[350] : 0.0028130033347700824
[388] : 0.0028130033347700824
[767] : 0.0028130033347700824
[2276] : 0.0028130033347700824
[2998] : 0.0028130033347700824
[370, 39] : 0.0028130033347700824
[39, 1113] : 0.0028130033347700824
[48, 1113] : 0.0028130033347700824
[48, 1257] : 0.0028130033347700824
[48, 1277] : 0.0028130033347700824
[48, 1513] : 0.0028130033347700824
[48, 533, 41] : 0.0028130033347700824
[651] : 0.002801660579387945
[1104] : 0.002801660579387945
[1160] : 0.002801660579387945
[1591] : 0.002801660579387945
[37, 41] : 0.002801660579387945
[39, 2523] : 0.002801660579387945
[48, 384] : 0.002801660579387945
[48, 38, 2238] : 0.002801660579387945
[69] : 0.0027903178240058077
[1126, 39] : 0.0027903178240058077
[2673, 39] : 0.0027903178240058077
[39, 10653] : 0.0027903178240058077
[48, 178] : 0.0027903178240058077
[48, 352] : 0.0027903178240058077
[48, 1126] : 0.0027903178240058077
[48, 1704] : 0.0027903178240058077
[37, 38, 41] : 0.0027903178240058077
[48, 39, 10446] : 0.0027903178240058077
[133] : 0.00277897506862367
[38, 504] : 0.00277897506862367
[39, 1000] : 0.00277897506862367
[48, 10656] : 0.00277897506862367
[38, 39, 840] : 0.00277897506862367
[104] : 0.0027676323132415324
[491] : 0.0027676323132415324
[708] : 0.0027676323132415324
[1378] : 0.0027676323132415324
[1594] : 0.0027676323132415324
[2350] : 0.0027676323132415324
[3291] : 0.0027676323132415324
[3321] : 0.0027676323132415324
[15345] : 0.0027676323132415324
[39, 3502] : 0.0027676323132415324
[41, 16011] : 0.0027676323132415324
[32, 39, 79] : 0.0027676323132415324
[32, 438, 39] : 0.0027676323132415324
[48, 261, 39] : 0.0027676323132415324
[760] : 0.0027562895578593953
[1332] : 0.0027562895578593953
[2528] : 0.0027562895578593953
[3404] : 0.0027562895578593953
[4339] : 0.0027562895578593953
[39, 415] : 0.0027562895578593953
[48, 1956] : 0.0027562895578593953
[32, 48, 255] : 0.0027562895578593953
[8978, 39, 41] : 0.0027562895578593953
[48, 65, 89] : 0.0027562895578593953
[48, 38, 39, 55] : 0.0027562895578593953
[48, 38, 39, 475] : 0.0027562895578593953
[2634] : 0.0027449468024772577
[1158, 39] : 0.0027449468024772577
[14099, 39] : 0.0027449468024772577
[548, 41] : 0.0027449468024772577
[48, 39, 297] : 0.0027449468024772577
[1784] : 0.0027336040470951205
[3311] : 0.0027336040470951205
[39, 727] : 0.0027336040470951205
[39, 730] : 0.0027336040470951205
[39, 1277] : 0.0027336040470951205
[38, 390, 39] : 0.0027336040470951205
[370, 38, 39] : 0.0027336040470951205
[48, 916, 39] : 0.0027336040470951205
[926] : 0.002722261291712983
[1994] : 0.002722261291712983
[3683] : 0.002722261291712983
[9555, 39] : 0.002722261291712983
[48, 1543] : 0.002722261291712983
[48, 10490] : 0.002722261291712983
[48, 39, 571] : 0.002722261291712983
[48, 961, 39] : 0.002722261291712983
[48, 39, 1783] : 0.002722261291712983
[200] : 0.0027109185363308453
[392] : 0.0027109185363308453
[606] : 0.0027109185363308453
[1395] : 0.0027109185363308453
[4209] : 0.0027109185363308453
[3827, 39] : 0.0027109185363308453
[48, 2343] : 0.0027109185363308453
[48, 2775] : 0.0027109185363308453
[39, 9, 41] : 0.0027109185363308453
[38, 39, 1146] : 0.0027109185363308453
[48, 38, 270] : 0.0027109185363308453
[39, 41, 175] : 0.0027109185363308453
[48, 52, 39] : 0.0027109185363308453
[48, 449, 39] : 0.0027109185363308453
[48, 790, 39] : 0.0027109185363308453
[48, 39, 1239] : 0.0027109185363308453
[2188] : 0.002699575780948708
[9304] : 0.002699575780948708
[48, 12] : 0.002699575780948708
[39, 2987] : 0.002699575780948708
[48, 2492] : 0.002699575780948708
[39, 824, 41] : 0.002699575780948708
[565] : 0.0026882330255665705
[911] : 0.0026882330255665705
[1249] : 0.0026882330255665705
[1476] : 0.0026882330255665705
[2103] : 0.0026882330255665705
[4316] : 0.0026882330255665705
[39, 10490] : 0.0026882330255665705
[48, 2115] : 0.0026882330255665705
[48, 39, 831] : 0.0026882330255665705
[4170] : 0.0026768902701844333
[39, 1066] : 0.0026768902701844333
[41, 123] : 0.0026768902701844333
[48, 1481] : 0.0026768902701844333
[48, 1619] : 0.0026768902701844333
[48, 1973] : 0.0026768902701844333
[48, 13189] : 0.0026768902701844333
[39, 41, 604] : 0.0026768902701844333
[225, 39, 270] : 0.0026768902701844333
[41, 16010, 16011] : 0.0026768902701844333
[399] : 0.0026655475148022957
[440] : 0.0026655475148022957
[599] : 0.0026655475148022957
[759] : 0.0026655475148022957
[887] : 0.0026655475148022957
[1085] : 0.0026655475148022957
[12677] : 0.0026655475148022957
[533, 38] : 0.0026655475148022957
[2065, 39] : 0.0026655475148022957
[2208, 39] : 0.0026655475148022957
[48, 341] : 0.0026655475148022957
[48, 1715, 39] : 0.0026655475148022957
[592, 39, 41] : 0.0026655475148022957
[48, 38, 790, 39] : 0.0026655475148022957
[108] : 0.0026542047594201586
[849] : 0.0026542047594201586
[4630] : 0.0026542047594201586
[48, 10491] : 0.0026542047594201586
[48, 39, 1144] : 0.0026542047594201586
[32, 48, 39, 475] : 0.0026542047594201586
[48, 39, 41, 16217] : 0.0026542047594201586
[48, 147, 39, 41] : 0.0026542047594201586
[282] : 0.002642862004038021
[2874] : 0.002642862004038021
[2990] : 0.002642862004038021
[6128] : 0.002642862004038021
[39, 2343] : 0.002642862004038021
[39, 15578] : 0.002642862004038021
[48, 2187] : 0.002642862004038021
[48, 14099] : 0.002642862004038021
[98] : 0.0026315192486558833
[151] : 0.0026315192486558833
[1071] : 0.0026315192486558833
[1072] : 0.0026315192486558833
[3553] : 0.0026315192486558833
[32, 78] : 0.0026315192486558833
[32, 12925] : 0.0026315192486558833
[48, 640] : 0.0026315192486558833
[48, 1062] : 0.0026315192486558833
[48, 1158] : 0.0026315192486558833
[48, 9501] : 0.0026315192486558833
[89, 237] : 0.0026315192486558833
[48, 38, 271] : 0.0026315192486558833
[48, 913, 39] : 0.0026315192486558833
[48, 39, 1693] : 0.0026315192486558833
[48, 2118, 39] : 0.0026315192486558833
[447] : 0.002620176493273746
[486] : 0.002620176493273746
[851] : 0.002620176493273746
[2728] : 0.002620176493273746
[2983] : 0.002620176493273746
[3221] : 0.002620176493273746
[32, 1393] : 0.002620176493273746
[32, 15832] : 0.002620176493273746
[3361, 39] : 0.002620176493273746
[48, 9, 41] : 0.002620176493273746
[32, 48, 79] : 0.002620176493273746
[38, 39, 79] : 0.002620176493273746
[48, 39, 878] : 0.002620176493273746
[220] : 0.0026088337378916086
[1012] : 0.0026088337378916086
[2052] : 0.0026088337378916086
[2746] : 0.0026088337378916086
[3292] : 0.0026088337378916086
[9001] : 0.0026088337378916086
[10074] : 0.0026088337378916086
[13182] : 0.0026088337378916086
[39, 12] : 0.0026088337378916086
[39, 1214] : 0.0026088337378916086
[39, 2015] : 0.0026088337378916086
[39, 2991] : 0.0026088337378916086
[65, 101] : 0.0026088337378916086
[32, 39, 255] : 0.0026088337378916086
[38, 39, 12925] : 0.0026088337378916086
[48, 39, 798] : 0.0026088337378916086
[48, 4336, 39] : 0.0026088337378916086
[48, 39, 41, 255] : 0.0026088337378916086
[1815] : 0.0025974909825094714
[2706] : 0.0025974909825094714
[4940] : 0.0025974909825094714
[32, 286] : 0.0025974909825094714
[32, 338] : 0.0025974909825094714
[13443, 39] : 0.0025974909825094714
[677, 41] : 0.0025974909825094714
[48, 3361] : 0.0025974909825094714
[48, 10442] : 0.0025974909825094714
[48, 101, 38] : 0.0025974909825094714
[48, 39, 734] : 0.0025974909825094714
[48, 1043, 39] : 0.0025974909825094714
[222] : 0.002586148227127334
[406] : 0.002586148227127334
[650] : 0.002586148227127334
[1527] : 0.002586148227127334
[1652] : 0.002586148227127334
[3149] : 0.002586148227127334
[10818] : 0.002586148227127334
[32, 179] : 0.002586148227127334
[32, 589] : 0.002586148227127334
[341, 39] : 0.002586148227127334
[48, 1027] : 0.002586148227127334
[48, 12959] : 0.002586148227127334
[310, 89] : 0.002586148227127334
[48, 39, 855] : 0.002586148227127334
[48, 39, 2135] : 0.002586148227127334
[48, 39, 41, 413] : 0.002586148227127334
[560] : 0.002574805471745196
[1996] : 0.002574805471745196
[3724] : 0.002574805471745196
[640, 39] : 0.002574805471745196
[10656, 39] : 0.002574805471745196
[12933, 39] : 0.002574805471745196
[32, 48, 438] : 0.002574805471745196
[65, 38, 41] : 0.002574805471745196
[1345] : 0.002563462716363059
[1818] : 0.002563462716363059
[2113] : 0.002563462716363059
[3774] : 0.002563462716363059
[39, 984] : 0.002563462716363059
[39, 1930] : 0.002563462716363059
[48, 176] : 0.002563462716363059
[48, 1638] : 0.002563462716363059
[48, 2792] : 0.002563462716363059
[65, 310] : 0.002563462716363059
[48, 39, 56] : 0.002563462716363059
[48, 39, 2284] : 0.002563462716363059
[171] : 0.0025521199609809214
[525] : 0.0025521199609809214
[896] : 0.0025521199609809214
[1964] : 0.0025521199609809214
[9669] : 0.0025521199609809214
[32, 13041] : 0.0025521199609809214
[39, 1991] : 0.0025521199609809214
[39, 2792] : 0.0025521199609809214
[3510, 39] : 0.0025521199609809214
[39, 3964] : 0.0025521199609809214
[41, 956] : 0.0025521199609809214
[65, 39, 89] : 0.0025521199609809214
[337] : 0.0025407772055987842
[529] : 0.0025407772055987842
[660] : 0.0025407772055987842
[2394] : 0.0025407772055987842
[3006] : 0.0025407772055987842
[9843] : 0.0025407772055987842
[32, 604] : 0.0025407772055987842
[32, 14098] : 0.0025407772055987842
[49, 38] : 0.0025407772055987842
[96, 39] : 0.0025407772055987842
[352, 39] : 0.0025407772055987842
[179, 41] : 0.0025407772055987842
[48, 164] : 0.0025407772055987842
[48, 9555] : 0.0025407772055987842
[225, 38, 41] : 0.0025407772055987842
[48, 39, 398] : 0.0025407772055987842
[199] : 0.0025294344502166466
[2599] : 0.0025294344502166466
[39, 1529] : 0.0025294344502166466
[1638, 39] : 0.0025294344502166466
[2388, 39] : 0.0025294344502166466
[32, 48, 147] : 0.0025294344502166466
[39, 41, 185] : 0.0025294344502166466
[583] : 0.002518091694834509
[880] : 0.002518091694834509
[1593] : 0.002518091694834509
[1678] : 0.002518091694834509
[1744] : 0.002518091694834509
[2805] : 0.002518091694834509
[4720] : 0.002518091694834509
[785, 39] : 0.002518091694834509
[48, 2208] : 0.002518091694834509
[32, 38, 286] : 0.002518091694834509
[48, 208, 39] : 0.002518091694834509
[48, 885, 39] : 0.002518091694834509
[48, 39, 910] : 0.002518091694834509
[48, 979, 39] : 0.002518091694834509
[48, 2051, 39] : 0.002518091694834509
[48, 15618, 39] : 0.002518091694834509
[402] : 0.002506748939452372
[493] : 0.002506748939452372
[1538] : 0.002506748939452372
[2147] : 0.002506748939452372
[3966] : 0.002506748939452372
[740, 38] : 0.002506748939452372
[38, 16010] : 0.002506748939452372
[1027, 39] : 0.002506748939452372
[39, 2187] : 0.002506748939452372
[39, 16430] : 0.002506748939452372
[48, 351] : 0.002506748939452372
[48, 1000] : 0.002506748939452372
[48, 2552] : 0.002506748939452372
[32, 65, 41] : 0.002506748939452372
[38, 39, 413] : 0.002506748939452372
[48, 39, 10444] : 0.002506748939452372
[39, 2238, 271] : 0.002506748939452372
-----END-----