LAST RUN   : Wed Apr 11 18:43:33 CDT 2018
TOTAL RULES: 580
THRESHOLD  : 0.005
TIME TO RUN: 399057 ms
----FINAL----
[39] : 0.5747941289898142
[48] : 0.47792699802636057
[48, 39] : 0.33055057734624893
[38] : 0.17690161293981535
[32] : 0.1720355708808784
[41] : 0.16951747918604387
[39, 41] : 0.12946620993171662
[38, 39] : 0.1173408044282117
[48, 41] : 0.10228896803611533
[32, 39] : 0.09590299675597196
[32, 48] : 0.0911276967400921
[48, 38] : 0.09010684875569973
[48, 39, 41] : 0.0835507361448243
[48, 38, 39] : 0.06921349334180259
[32, 48, 39] : 0.06127356457430639
[65] : 0.05072480206891858
[38, 41] : 0.04420271772418956
[89] : 0.04352215240126132
[225] : 0.03694335427962161
[32, 41] : 0.036251446201311224
[170] : 0.03515119892924389
[38, 39, 41] : 0.034606746670901294
[237] : 0.03439123431864068
[38, 170] : 0.03437989156325855
[36] : 0.033302329801955494
[32, 38] : 0.032134025997595336
[48, 89] : 0.031737029559220524
[110] : 0.03169165853769198
[36, 38] : 0.03164628751616343
[65, 39] : 0.03161225925001701
[39, 89] : 0.031181234545495793
[38, 110] : 0.030909008416324494
[310] : 0.02942310746126449
[48, 65] : 0.028685828361425556
[48, 38, 41] : 0.026927701277194255
[32, 39, 41] : 0.026757559946462194
[225, 39] : 0.026666817903405096
[101] : 0.02537374378984143
[475] : 0.024579750913091808
[48, 39, 89] : 0.024103355187042035
[271] : 0.023751729770195774
[32, 48, 41] : 0.023400104353349514
[39, 170] : 0.023354733331820966
[36, 39] : 0.023105192713413943
[38, 39, 170] : 0.02290102311653547
[48, 38, 39, 41] : 0.02258342596583562
[36, 38, 39] : 0.0220616592182573
[39, 237] : 0.0218801751321431
[413] : 0.021324380118418366
[438] : 0.02113155327692203
[310, 39] : 0.021006782967718518
[32, 38, 39] : 0.02087066990313287
[48, 65, 39] : 0.02038293142170096
[1327] : 0.02025816111249745
[147] : 0.020178761824822485
[39, 110] : 0.019951906717179738
[38, 39, 110] : 0.019736394364919127
[48, 225] : 0.019691023343390575
[270] : 0.019668337832626302
[2238] : 0.01945282548036569
[48, 310] : 0.01919194210657653
[48, 237] : 0.019078514552755155
[32, 48, 38] : 0.018670175358998207
[32, 48, 39, 41] : 0.018670175358998207
[79] : 0.018148408611419885
[48, 170] : 0.017660670129987975
[48, 38, 170] : 0.017445157777727364
[39, 475] : 0.017014133073206143
[60] : 0.01688936276400263
[533] : 0.016866677253238357
[255] : 0.01671922143327057
[12925] : 0.016639822145595607
[39, 271] : 0.016265511217985074
[48, 475] : 0.01619745468569225
[1146] : 0.016174769174927973
[48, 36] : 0.0160613416211066
[101, 39] : 0.015879857534992402
[48, 225, 39] : 0.015879857534992402
[48, 110] : 0.01565300242734965
[185] : 0.015607631405821103
[9] : 0.015562260384292552
[48, 38, 110] : 0.01543749007508904
[48, 36, 38] : 0.015426147319706903
[48, 310, 39] : 0.015278691499739117
[16010] : 0.014927066082892857
[48, 101] : 0.01487035230598217
[123] : 0.014768267507542933
[14098] : 0.014643497198339421
[39, 2238] : 0.014598126176810871
[338] : 0.014450670356843085
[438, 39] : 0.01429187178149316
[48, 39, 237] : 0.014110387695378961
[32, 48, 38, 39] : 0.014019645652321862
[592] : 0.013917560853882625
[824] : 0.013724734012386289
[604] : 0.01371339125700415
[48, 39, 170] : 0.013679362990857738
[301] : 0.013656677480093464
[39, 270] : 0.01354324992627209
[48, 38, 39, 170] : 0.013531907170889952
[286] : 0.013418479617068579
[740] : 0.013395794106304303
[16217] : 0.013225652775572243
[1393] : 0.013168938998661554
[249] : 0.013157596243279418
[39, 1327] : 0.013112225221750868
[15832] : 0.012964769401783082
[548] : 0.012896712869490257
[147, 39] : 0.012896712869490257
[48, 413] : 0.012874027358725981
[201] : 0.012851341847961707
[39, 413] : 0.012817313581815294
[49] : 0.01270388602799392
[589] : 0.012692543272611783
[38, 286] : 0.01265851500646537
[48, 36, 39] : 0.01265851500646537
[39, 79] : 0.012601801229554684
[677] : 0.012590458474172546
[1004] : 0.012499716431115446
[48, 39, 475] : 0.012386288877294073
[48, 271] : 0.012363603366529797
[48, 36, 38, 39] : 0.012250175812708423
[37] : 0.012182119280415599
[78] : 0.012023320705065675
[39, 255] : 0.011989292438919262
[48, 255] : 0.011989292438919262
[13041] : 0.011921235906626438
[37, 38] : 0.011864522129715751
[48, 39, 110] : 0.011762437331276514
[48, 147] : 0.011751094575894376
[48, 38, 39, 110] : 0.011694380798983689
[117] : 0.011637667022073002
[48, 438] : 0.011626324266690864
[161] : 0.011456182935958802
[19] : 0.011399469159048116
[179] : 0.011320069871373154
[65, 41] : 0.011286041605226742
[258] : 0.011195299562169643
[39, 60] : 0.011149928540641093
[39, 1146] : 0.011149928540641093
[522] : 0.011047843742201855
[175] : 0.011002472720673307
[48, 1327] : 0.01097978720990903
[783] : 0.010945758943762618
[48, 270] : 0.01085501690070552
[48, 2238] : 0.010832331389941245
[3270] : 0.010775617613030558
[48, 101, 39] : 0.010730246591502008
[39, 12925] : 0.010639504548444909
[479] : 0.010503391483859259
[533, 39] : 0.010458020462330709
[31] : 0.010435334951566434
[45] : 0.010333250153127197
[242] : 0.010333250153127197
[956] : 0.010333250153127197
[2958] : 0.010253850865452236
[264] : 0.010151766067012999
[48, 79] : 0.010129080556248725
[10515] : 0.010004310247045213
[405] : 0.0099702819808988
[225, 41] : 0.009947596470134525
[1578] : 0.009913568203988112
[76] : 0.009856854427077425
[48, 533] : 0.009766112384020326
[18] : 0.009754769628638188
[649] : 0.009720741362491776
[544] : 0.009652684830198951
[549] : 0.009561942787141852
[48, 49] : 0.009561942787141852
[39, 9] : 0.00943717247793834
[389] : 0.009425829722556203
[156] : 0.009414486967174066
[39, 16010] : 0.009403144211791928
[39, 185] : 0.009391801456409792
[48, 39, 271] : 0.009380458701027654
[48, 78] : 0.009346430434881241
[812] : 0.009312402168734829
[229] : 0.009301059413352691
[976] : 0.009267031147206279
[48, 12925] : 0.009267031147206279
[48, 185] : 0.009255688391824142
[48, 60] : 0.009244345636442004
[48, 39, 255] : 0.00922166012567773
[103] : 0.009210317370295592
[48, 1146] : 0.009198974614913456
[703] : 0.009142260838002767
[41, 170] : 0.00913091808262063
[32, 38, 41] : 0.00913091808262063
[1600] : 0.00908554706109208
[14098, 39] : 0.00908554706109208
[766] : 0.00904017603956353
[48, 123] : 0.00904017603956353
[38, 41, 170] : 0.00900614777341712
[570] : 0.008983462262652843
[65, 39, 41] : 0.008983462262652843
[48, 9] : 0.008960776751888569
[1393, 39] : 0.008949433996506431
[48, 39, 2238] : 0.008938091241124295
[371] : 0.00887003470883147
[48, 39, 413] : 0.008858691953449332
[48, 438, 39] : 0.008847349198067194
[48, 338] : 0.008836006442685057
[48, 2958] : 0.008836006442685057
[39, 604] : 0.008790635421156507
[334] : 0.00877929266577437
[32, 65] : 0.00877929266577437
[39, 78] : 0.00877929266577437
[49, 39] : 0.008711236133481546
[371, 38] : 0.008699893378099408
[107] : 0.008677207867335134
[1435] : 0.008677207867335134
[38, 89] : 0.008665865111952996
[740, 39] : 0.008609151335042309
[23] : 0.00859780857966017
[1344] : 0.008541094802749484
[664] : 0.008529752047367346
[772] : 0.008529752047367346
[39, 249] : 0.008529752047367346
[39, 286] : 0.008507066536603072
[48, 592] : 0.008427667248928109
[12929] : 0.008416324493545973
[338, 39] : 0.008416324493545973
[48, 147, 39] : 0.008416324493545973
[806] : 0.008404981738163834
[48, 39, 270] : 0.008314239695106735
[41, 89] : 0.008302896939724597
[48, 16010] : 0.008280211428960323
[39, 16217] : 0.008257525918196049
[38, 39, 286] : 0.008257525918196049
[39, 123] : 0.008234840407431773
[225, 39, 41] : 0.008234840407431773
[592, 39] : 0.00820081214128536
[488] : 0.00816678387513895
[48, 39, 1327] : 0.00816678387513895
[310, 41] : 0.008155441119756811
[535] : 0.008144098364374673
[39, 15832] : 0.008144098364374673
[39, 301] : 0.008110070098228261
[32, 89] : 0.008087384587463987
[10] : 0.008076041832081849
[11] : 0.008064699076699712
[39, 589] : 0.0080306708105533
[37, 39] : 0.008019328055171162
[55] : 0.00798529978902475
[681] : 0.00798529978902475
[39, 824] : 0.007973957033642613
[269] : 0.007951271522878337
[48, 824] : 0.007951271522878337
[36, 41] : 0.007939928767496201
[48, 39, 79] : 0.007928586012114063
[48, 14098] : 0.007917243256731925
[464] : 0.007883214990585512
[407] : 0.007860529479821238
[260] : 0.007837843969056964
[449] : 0.007826501213674826
[1814] : 0.007803815702910551
[13041, 39] : 0.007803815702910551
[48, 604] : 0.007792472947528413
[259] : 0.007758444681382001
[37, 38, 39] : 0.007758444681382001
[38, 237] : 0.007747101925999864
[225, 38] : 0.007724416415235589
[270, 271] : 0.007713073659853451
[379] : 0.007679045393707039
[41, 110] : 0.007679045393707039
[48, 249] : 0.007656359882942765
[396] : 0.007645017127560627
[48, 201] : 0.007645017127560627
[36, 38, 41] : 0.007610988861414215
[16011] : 0.00758830335064994
[39, 201] : 0.00758830335064994
[48, 1393] : 0.00758830335064994
[1135] : 0.007565617839885665
[48, 677] : 0.0075542750845035275
[38, 41, 110] : 0.0075542750845035275
[548, 39] : 0.007520246818357115
[48, 65, 41] : 0.007520246818357115
[186] : 0.007486218552210703
[1198] : 0.007486218552210703
[48, 301] : 0.007463533041446428
[48, 548] : 0.007463533041446428
[105] : 0.00745219028606429
[38, 55] : 0.00745219028606429
[32, 225] : 0.007429504775300016
[39, 2958] : 0.007429504775300016
[3616] : 0.007418162019917879
[179, 39] : 0.007406819264535741
[16010, 16011] : 0.0073841337537714664
[272] : 0.007372790998389328
[789] : 0.007350105487625054
[39, 522] : 0.007350105487625054
[48, 16217] : 0.007338762732242916
[340] : 0.0072933917107143665
[65, 38] : 0.0072933917107143665
[38, 105] : 0.0072933917107143665
[48, 258] : 0.0072933917107143665
[39, 783] : 0.007259363444567954
[677, 39] : 0.007202649667657267
[279] : 0.007179964156892992
[865] : 0.007168621401510855
[48, 533, 39] : 0.007168621401510855
[39, 175] : 0.007157278646128718
[258, 39] : 0.007123250379982305
[48, 589] : 0.007123250379982305
[809] : 0.00710056486921803
[2046] : 0.007089222113835893
[310, 39, 41] : 0.007089222113835893
[48, 179] : 0.007077879358453756
[39, 41, 170] : 0.007077879358453756
[48, 39, 1146] : 0.007066536603071618
[161, 39] : 0.007055193847689481
[32, 38, 39, 41] : 0.007055193847689481
[251] : 0.0070438510923073435
[39, 41, 89] : 0.007021165581543068
[10446] : 0.007009822826160931
[48, 49, 39] : 0.006998480070778794
[38, 39, 41, 170] : 0.006975794560014519
[1986] : 0.0069644518046323815
[15618] : 0.0069644518046323815
[48, 1004] : 0.0069644518046323815
[209] : 0.006930423538485969
[48, 39, 78] : 0.006919080783103832
[441] : 0.006907738027721694
[48, 39, 60] : 0.006907738027721694
[425] : 0.0068737097615752816
[8978] : 0.0068737097615752816
[48, 41, 89] : 0.0068737097615752816
[48, 13041] : 0.006828338740046732
[675] : 0.006816995984664595
[48, 117] : 0.006816995984664595
[420] : 0.006805653229282458
[1783] : 0.006805653229282458
[39, 956] : 0.006805653229282458
[1144] : 0.00679431047390032
[39, 264] : 0.00679431047390032
[150] : 0.006771624963136045
[2199] : 0.006771624963136045
[41, 237] : 0.006771624963136045
[846] : 0.00674893945237177
[19, 39] : 0.006714911186225358
[48, 3270] : 0.006714911186225358
[947] : 0.0067035684308432205
[48, 19] : 0.0067035684308432205
[48, 286] : 0.0067035684308432205
[1715] : 0.006692225675461083
[4336] : 0.006680882920078945
[38, 39, 89] : 0.006680882920078945
[48, 39, 12925] : 0.006669540164696808
[48, 15832] : 0.006635511898550396
[267] : 0.0066241691431682586
[374] : 0.0066241691431682586
[1067] : 0.0066241691431682586
[41, 271] : 0.0066241691431682586
[39, 1004] : 0.006612826387786121
[48, 783] : 0.006612826387786121
[39, 156] : 0.006601483632403983
[48, 522] : 0.006601483632403983
[48, 38, 286] : 0.006590140877021846
[39, 479] : 0.006578798121639709
[48, 38, 89] : 0.006556112610875434
[885] : 0.006533427100111159
[39, 1578] : 0.006533427100111159
[3270, 39] : 0.006533427100111159
[581] : 0.006510741589346884
[32, 48, 89] : 0.006499398833964747
[1872] : 0.006488056078582609
[36, 39, 41] : 0.006488056078582609
[2437] : 0.006476713323200472
[878] : 0.006465370567818335
[41, 475] : 0.006465370567818335
[41, 2238] : 0.006465370567818335
[48, 39, 2958] : 0.006465370567818335
[1239] : 0.006454027812436197
[2383] : 0.006454027812436197
[32, 237] : 0.0064426850570540595
[48, 37] : 0.006408656790907647
[242, 39] : 0.00639731403552551
[39, 45] : 0.006340600258614822
[39, 570] : 0.006329257503232685
[48, 37, 38] : 0.006317914747850548
[48, 39, 185] : 0.006295229237086273
[117, 39] : 0.006283886481704136
[36, 38, 39, 41] : 0.006272543726321998
[1043] : 0.006249858215557723
[2] : 0.006227172704793448
[48, 310, 41] : 0.006204487194029174
[48, 65, 39, 41] : 0.006204487194029174
[155] : 0.0061931444386470365
[48, 39, 9] : 0.0061931444386470365
[48, 229] : 0.0061818016832648984
[389, 39] : 0.006170458927882761
[62] : 0.006159116172500624
[913] : 0.006159116172500624
[916] : 0.006159116172500624
[32, 310] : 0.006136430661736349
[48, 1135] : 0.006136430661736349
[30] : 0.006125087906354212
[961] : 0.006125087906354212
[18, 39] : 0.006125087906354212
[32, 170] : 0.006125087906354212
[48, 956] : 0.006125087906354212
[48, 14098, 39] : 0.006125087906354212
[32, 48, 38, 41] : 0.006125087906354212
[39, 31] : 0.0061024023955899365
[48, 225, 41] : 0.006091059640207799
[1417] : 0.006079716884825662
[56] : 0.006068374129443524
[12946] : 0.006068374129443524
[225, 38, 39] : 0.006068374129443524
[48, 264] : 0.006057031374061387
[371, 39] : 0.006034345863297112
[32, 38, 170] : 0.006034345863297112
[32, 39, 89] : 0.006034345863297112
[39, 649] : 0.0060230031079149746
[208] : 0.0060003175971507
[39, 76] : 0.0060003175971507
[48, 39, 16010] : 0.0060003175971507
[10515, 39] : 0.005988974841768562
[704] : 0.005966289331004288
[371, 38, 39] : 0.005966289331004288
[297] : 0.00595494657562215
[623] : 0.00595494657562215
[2118] : 0.00595494657562215
[48, 405] : 0.00595494657562215
[1693] : 0.005943603820240013
[544, 39] : 0.005943603820240013
[48, 10515] : 0.005943603820240013
[261] : 0.0059322610648578755
[790] : 0.0059322610648578755
[48, 39, 41, 89] : 0.005920918309475738
[4883] : 0.0059095755540936
[48, 740] : 0.005898232798711463
[48, 39, 604] : 0.005898232798711463
[855] : 0.005886890043329326
[910] : 0.005886890043329326
[48, 161] : 0.005864204532565051
[94] : 0.0058528617771829135
[48, 338, 39] : 0.0058528617771829135
[398] : 0.0058415190218007755
[39, 41, 110] : 0.0058415190218007755
[48, 592, 39] : 0.0058415190218007755
[38, 56] : 0.005830176266418638
[48, 570] : 0.005830176266418638
[571] : 0.005818833511036501
[48, 479] : 0.005818833511036501
[48, 549] : 0.005818833511036501
[1355] : 0.005807490755654364
[23, 39] : 0.005807490755654364
[39, 103] : 0.005807490755654364
[32, 65, 39] : 0.005807490755654364
[38, 39, 237] : 0.005807490755654364
[38, 39, 41, 110] : 0.005796148000272226
[48, 39, 249] : 0.005784805244890089
[53] : 0.005773462489507952
[48, 39, 123] : 0.005773462489507952
[426] : 0.0057621197341258135
[2284] : 0.0057621197341258135
[38, 790] : 0.0057621197341258135
[41, 270] : 0.0057621197341258135
[1714] : 0.005750776978743676
[48, 1393, 39] : 0.005750776978743676
[39, 334] : 0.005739434223361539
[48, 544] : 0.005716748712597264
[798] : 0.005705405957215127
[229, 39] : 0.005705405957215127
[52] : 0.005682720446450852
[41, 1146] : 0.005682720446450852
[405, 39] : 0.005671377691068714
[2168] : 0.005660034935686577
[41, 79] : 0.005660034935686577
[793] : 0.00560332115877589
[856] : 0.00560332115877589
[32, 36] : 0.00560332115877589
[48, 31] : 0.0055919784033937525
[806, 39] : 0.0055919784033937525
[48, 175] : 0.0055919784033937525
[549, 39] : 0.005580635648011615
[48, 45] : 0.005580635648011615
[32, 48, 65] : 0.005580635648011615
[48, 41, 170] : 0.005580635648011615
[345] : 0.00555795013724734
[48, 649] : 0.00555795013724734
[48, 766] : 0.005546607381865203
[2329] : 0.005535264626483065
[65, 38, 39] : 0.005535264626483065
[48, 310, 39, 41] : 0.0055125791157187905
[1344, 39] : 0.005501236360336653
[48, 76] : 0.005501236360336653
[39, 270, 271] : 0.005489893604954515
[48, 38, 41, 170] : 0.005489893604954515
[808] : 0.005467208094190241
[1987] : 0.005467208094190241
[418] : 0.005455865338808103
[2080] : 0.005455865338808103
[2399] : 0.005455865338808103
[2879] : 0.005455865338808103
[39, 664] : 0.005455865338808103
[178] : 0.005433179828043829
[408] : 0.005433179828043829
[14933] : 0.005433179828043829
[39, 41, 237] : 0.005410494317279553
[12959] : 0.005399151561897416
[101, 41] : 0.005399151561897416
[39, 41, 475] : 0.005399151561897416
[1600, 39] : 0.005376466051133141
[10444] : 0.005365123295751004
[48, 156] : 0.005365123295751004
[48, 39, 301] : 0.005365123295751004
[1479] : 0.005353780540368867
[39, 11] : 0.005353780540368867
[32, 36, 38] : 0.005353780540368867
[39, 41, 2238] : 0.005353780540368867
[39, 812] : 0.005342437784986729
[976, 39] : 0.005342437784986729
[1814, 39] : 0.005342437784986729
[48, 39, 824] : 0.005342437784986729
[32, 271] : 0.0053310950296045915
[39, 766] : 0.0053310950296045915
[12929, 39] : 0.0053310950296045915
[48, 1578] : 0.005319752274222454
[48, 225, 39, 41] : 0.005319752274222454
[1677] : 0.005308409518840317
[136] : 0.005297066763458179
[1867] : 0.005297066763458179
[41, 16010] : 0.005297066763458179
[48, 107] : 0.005297066763458179
[48, 703] : 0.005297066763458179
[48, 548, 39] : 0.005297066763458179
[48, 38, 39, 89] : 0.005297066763458179
[432] : 0.005285724008076042
[32, 225, 39] : 0.005285724008076042
[1020] : 0.005274381252693905
[48, 18] : 0.005274381252693905
[80] : 0.005263038497311767
[48, 39, 286] : 0.005263038497311767
[48, 11] : 0.0052516957419296295
[48, 812] : 0.0052516957419296295
[48, 39, 16217] : 0.0052516957419296295
[2184] : 0.005240352986547492
[2051] : 0.005229010231165354
[2135] : 0.005229010231165354
[1659] : 0.00520632472040108
[39, 1435] : 0.00520632472040108
[41, 1327] : 0.00520632472040108
[39, 1135] : 0.005194981965018943
[48, 38, 39, 286] : 0.005194981965018943
[48, 976] : 0.005172296454254668
[39, 105] : 0.00516095369887253
[831] : 0.005149610943490392
[281] : 0.005138268188108255
[39, 703] : 0.005138268188108255
[39, 10] : 0.005126925432726118
[39, 55] : 0.005126925432726118
[48, 179, 39] : 0.005126925432726118
[48, 258, 39] : 0.005126925432726118
[48, 1814] : 0.00511558267734398
[39, 41, 271] : 0.00511558267734398
[48, 39, 201] : 0.00511558267734398
[32, 48, 39, 89] : 0.00511558267734398
[1585] : 0.005104239921961843
[1704] : 0.005104239921961843
[32, 110] : 0.005092897166579706
[38, 39, 105] : 0.005092897166579706
[1113] : 0.0050815544111975685
[32, 48, 38, 39, 41] : 0.0050815544111975685
[32, 475] : 0.00507021165581543
[789, 39] : 0.00507021165581543
[1404] : 0.005058868900433293
[272, 39] : 0.005058868900433293
[48, 677, 39] : 0.005058868900433293
[490] : 0.005047526145051156
[47] : 0.005036183389669018
[48, 1600] : 0.005036183389669018
[48, 13041, 39] : 0.005036183389669018
[48, 334] : 0.005024840634286881
[32, 38, 110] : 0.005024840634286881
[48, 39, 589] : 0.005024840634286881
[365] : 0.005013497878904744
[48, 772] : 0.005013497878904744
[39, 269] : 0.0050021551235226065
-----END-----