LAST RUN   : Wed Apr 11 18:35:12 CDT 2018
TOTAL RULES: 277
THRESHOLD  : 0.0075
TIME TO RUN: 158824 ms
----FINAL----
[39] : 0.5747941289898142
[48] : 0.47792699802636057
[48, 39] : 0.33055057734624893
[38] : 0.17690161293981535
[32] : 0.1720355708808784
[41] : 0.16951747918604387
[39, 41] : 0.12946620993171662
[38, 39] : 0.1173408044282117
[48, 41] : 0.10228896803611533
[32, 39] : 0.09590299675597196
[32, 48] : 0.0911276967400921
[48, 38] : 0.09010684875569973
[48, 39, 41] : 0.0835507361448243
[48, 38, 39] : 0.06921349334180259
[32, 48, 39] : 0.06127356457430639
[65] : 0.05072480206891858
[38, 41] : 0.04420271772418956
[89] : 0.04352215240126132
[225] : 0.03694335427962161
[32, 41] : 0.036251446201311224
[170] : 0.03515119892924389
[38, 39, 41] : 0.034606746670901294
[237] : 0.03439123431864068
[38, 170] : 0.03437989156325855
[36] : 0.033302329801955494
[32, 38] : 0.032134025997595336
[48, 89] : 0.031737029559220524
[110] : 0.03169165853769198
[36, 38] : 0.03164628751616343
[65, 39] : 0.03161225925001701
[39, 89] : 0.031181234545495793
[38, 110] : 0.030909008416324494
[310] : 0.02942310746126449
[48, 65] : 0.028685828361425556
[48, 38, 41] : 0.026927701277194255
[32, 39, 41] : 0.026757559946462194
[225, 39] : 0.026666817903405096
[101] : 0.02537374378984143
[475] : 0.024579750913091808
[48, 39, 89] : 0.024103355187042035
[271] : 0.023751729770195774
[32, 48, 41] : 0.023400104353349514
[39, 170] : 0.023354733331820966
[36, 39] : 0.023105192713413943
[38, 39, 170] : 0.02290102311653547
[48, 38, 39, 41] : 0.02258342596583562
[36, 38, 39] : 0.0220616592182573
[39, 237] : 0.0218801751321431
[413] : 0.021324380118418366
[438] : 0.02113155327692203
[310, 39] : 0.021006782967718518
[32, 38, 39] : 0.02087066990313287
[48, 65, 39] : 0.02038293142170096
[1327] : 0.02025816111249745
[147] : 0.020178761824822485
[39, 110] : 0.019951906717179738
[38, 39, 110] : 0.019736394364919127
[48, 225] : 0.019691023343390575
[270] : 0.019668337832626302
[2238] : 0.01945282548036569
[48, 310] : 0.01919194210657653
[48, 237] : 0.019078514552755155
[32, 48, 38] : 0.018670175358998207
[32, 48, 39, 41] : 0.018670175358998207
[79] : 0.018148408611419885
[48, 170] : 0.017660670129987975
[48, 38, 170] : 0.017445157777727364
[39, 475] : 0.017014133073206143
[60] : 0.01688936276400263
[533] : 0.016866677253238357
[255] : 0.01671922143327057
[12925] : 0.016639822145595607
[39, 271] : 0.016265511217985074
[48, 475] : 0.01619745468569225
[1146] : 0.016174769174927973
[48, 36] : 0.0160613416211066
[101, 39] : 0.015879857534992402
[48, 225, 39] : 0.015879857534992402
[48, 110] : 0.01565300242734965
[185] : 0.015607631405821103
[9] : 0.015562260384292552
[48, 38, 110] : 0.01543749007508904
[48, 36, 38] : 0.015426147319706903
[48, 310, 39] : 0.015278691499739117
[16010] : 0.014927066082892857
[48, 101] : 0.01487035230598217
[123] : 0.014768267507542933
[14098] : 0.014643497198339421
[39, 2238] : 0.014598126176810871
[338] : 0.014450670356843085
[438, 39] : 0.01429187178149316
[48, 39, 237] : 0.014110387695378961
[32, 48, 38, 39] : 0.014019645652321862
[592] : 0.013917560853882625
[824] : 0.013724734012386289
[604] : 0.01371339125700415
[48, 39, 170] : 0.013679362990857738
[301] : 0.013656677480093464
[39, 270] : 0.01354324992627209
[48, 38, 39, 170] : 0.013531907170889952
[286] : 0.013418479617068579
[740] : 0.013395794106304303
[16217] : 0.013225652775572243
[1393] : 0.013168938998661554
[249] : 0.013157596243279418
[39, 1327] : 0.013112225221750868
[15832] : 0.012964769401783082
[548] : 0.012896712869490257
[147, 39] : 0.012896712869490257
[48, 413] : 0.012874027358725981
[201] : 0.012851341847961707
[39, 413] : 0.012817313581815294
[49] : 0.01270388602799392
[589] : 0.012692543272611783
[38, 286] : 0.01265851500646537
[48, 36, 39] : 0.01265851500646537
[39, 79] : 0.012601801229554684
[677] : 0.012590458474172546
[1004] : 0.012499716431115446
[48, 39, 475] : 0.012386288877294073
[48, 271] : 0.012363603366529797
[48, 36, 38, 39] : 0.012250175812708423
[37] : 0.012182119280415599
[78] : 0.012023320705065675
[39, 255] : 0.011989292438919262
[48, 255] : 0.011989292438919262
[13041] : 0.011921235906626438
[37, 38] : 0.011864522129715751
[48, 39, 110] : 0.011762437331276514
[48, 147] : 0.011751094575894376
[48, 38, 39, 110] : 0.011694380798983689
[117] : 0.011637667022073002
[48, 438] : 0.011626324266690864
[161] : 0.011456182935958802
[19] : 0.011399469159048116
[179] : 0.011320069871373154
[65, 41] : 0.011286041605226742
[258] : 0.011195299562169643
[39, 60] : 0.011149928540641093
[39, 1146] : 0.011149928540641093
[522] : 0.011047843742201855
[175] : 0.011002472720673307
[48, 1327] : 0.01097978720990903
[783] : 0.010945758943762618
[48, 270] : 0.01085501690070552
[48, 2238] : 0.010832331389941245
[3270] : 0.010775617613030558
[48, 101, 39] : 0.010730246591502008
[39, 12925] : 0.010639504548444909
[479] : 0.010503391483859259
[533, 39] : 0.010458020462330709
[31] : 0.010435334951566434
[45] : 0.010333250153127197
[242] : 0.010333250153127197
[956] : 0.010333250153127197
[2958] : 0.010253850865452236
[264] : 0.010151766067012999
[48, 79] : 0.010129080556248725
[10515] : 0.010004310247045213
[405] : 0.0099702819808988
[225, 41] : 0.009947596470134525
[1578] : 0.009913568203988112
[76] : 0.009856854427077425
[48, 533] : 0.009766112384020326
[18] : 0.009754769628638188
[649] : 0.009720741362491776
[544] : 0.009652684830198951
[549] : 0.009561942787141852
[48, 49] : 0.009561942787141852
[39, 9] : 0.00943717247793834
[389] : 0.009425829722556203
[156] : 0.009414486967174066
[39, 16010] : 0.009403144211791928
[39, 185] : 0.009391801456409792
[48, 39, 271] : 0.009380458701027654
[48, 78] : 0.009346430434881241
[812] : 0.009312402168734829
[229] : 0.009301059413352691
[976] : 0.009267031147206279
[48, 12925] : 0.009267031147206279
[48, 185] : 0.009255688391824142
[48, 60] : 0.009244345636442004
[48, 39, 255] : 0.00922166012567773
[103] : 0.009210317370295592
[48, 1146] : 0.009198974614913456
[703] : 0.009142260838002767
[41, 170] : 0.00913091808262063
[32, 38, 41] : 0.00913091808262063
[1600] : 0.00908554706109208
[14098, 39] : 0.00908554706109208
[766] : 0.00904017603956353
[48, 123] : 0.00904017603956353
[38, 41, 170] : 0.00900614777341712
[570] : 0.008983462262652843
[65, 39, 41] : 0.008983462262652843
[48, 9] : 0.008960776751888569
[1393, 39] : 0.008949433996506431
[48, 39, 2238] : 0.008938091241124295
[371] : 0.00887003470883147
[48, 39, 413] : 0.008858691953449332
[48, 438, 39] : 0.008847349198067194
[48, 338] : 0.008836006442685057
[48, 2958] : 0.008836006442685057
[39, 604] : 0.008790635421156507
[334] : 0.00877929266577437
[32, 65] : 0.00877929266577437
[39, 78] : 0.00877929266577437
[49, 39] : 0.008711236133481546
[371, 38] : 0.008699893378099408
[107] : 0.008677207867335134
[1435] : 0.008677207867335134
[38, 89] : 0.008665865111952996
[740, 39] : 0.008609151335042309
[23] : 0.00859780857966017
[1344] : 0.008541094802749484
[664] : 0.008529752047367346
[772] : 0.008529752047367346
[39, 249] : 0.008529752047367346
[39, 286] : 0.008507066536603072
[48, 592] : 0.008427667248928109
[12929] : 0.008416324493545973
[338, 39] : 0.008416324493545973
[48, 147, 39] : 0.008416324493545973
[806] : 0.008404981738163834
[48, 39, 270] : 0.008314239695106735
[41, 89] : 0.008302896939724597
[48, 16010] : 0.008280211428960323
[39, 16217] : 0.008257525918196049
[38, 39, 286] : 0.008257525918196049
[39, 123] : 0.008234840407431773
[225, 39, 41] : 0.008234840407431773
[592, 39] : 0.00820081214128536
[488] : 0.00816678387513895
[48, 39, 1327] : 0.00816678387513895
[310, 41] : 0.008155441119756811
[535] : 0.008144098364374673
[39, 15832] : 0.008144098364374673
[39, 301] : 0.008110070098228261
[32, 89] : 0.008087384587463987
[10] : 0.008076041832081849
[11] : 0.008064699076699712
[39, 589] : 0.0080306708105533
[37, 39] : 0.008019328055171162
[55] : 0.00798529978902475
[681] : 0.00798529978902475
[39, 824] : 0.007973957033642613
[269] : 0.007951271522878337
[48, 824] : 0.007951271522878337
[36, 41] : 0.007939928767496201
[48, 39, 79] : 0.007928586012114063
[48, 14098] : 0.007917243256731925
[464] : 0.007883214990585512
[407] : 0.007860529479821238
[260] : 0.007837843969056964
[449] : 0.007826501213674826
[1814] : 0.007803815702910551
[13041, 39] : 0.007803815702910551
[48, 604] : 0.007792472947528413
[259] : 0.007758444681382001
[37, 38, 39] : 0.007758444681382001
[38, 237] : 0.007747101925999864
[225, 38] : 0.007724416415235589
[270, 271] : 0.007713073659853451
[379] : 0.007679045393707039
[41, 110] : 0.007679045393707039
[48, 249] : 0.007656359882942765
[396] : 0.007645017127560627
[48, 201] : 0.007645017127560627
[36, 38, 41] : 0.007610988861414215
[16011] : 0.00758830335064994
[39, 201] : 0.00758830335064994
[48, 1393] : 0.00758830335064994
[1135] : 0.007565617839885665
[48, 677] : 0.0075542750845035275
[38, 41, 110] : 0.0075542750845035275
[548, 39] : 0.007520246818357115
[48, 65, 41] : 0.007520246818357115
-----END-----